0,1,2,3,4,5,6
0.0005584906579340208,0.0005558694319290686,0.0005582630151837552,0.0005583610503216772,0.9966560599465217,0.0005560448367431277,0.000556911061366613
0.0014027818054435399,0.00140180553421048,0.0014058316173184567,0.0014077136998353011,0.7900422398751037,0.0014024170573633495,0.20293721041072518
0.1422810423254753,0.0006969633540253589,0.0006998523530099563,0.0006976008267594728,0.8542288908981092,0.000697380077947815,0.0006982701646728861
0.0007027814995924864,0.0007009715496899449,0.1983428646475586,0.0007013201551088067,0.4631032314751659,0.0007018165488307516,0.33574701412405356
0.3584423392746978,0.0004668782682177968,0.00046884164142433574,0.0004673211912154891,0.6392189353550699,0.00046756429242716534,0.0004681199769475695
0.0004941990813146541,0.0004926535577715012,0.0004942040524042047,0.29968233694072843,0.6978484030398312,0.000493161447205567,0.0004950418807445837
0.12470821819706832,0.000597826207800377,0.35312383614977183,0.0005986580649346621,0.5197742882103994,0.00059807931363444,0.0005990938563910207
0.31596009747064285,0.00045644023075696997,0.000458685934249333,0.00045733497729118336,0.6817482304496361,0.0004612278861940557,0.0004579830512294028
0.00047219151556525683,0.0004702344389428548,0.35348247591542853,0.0004705584441768987,0.5412398500242612,0.1033928608625293,0.00047182879909599547
0.40269278802539116,0.0004132573854098701,0.028717625242849543,0.0004136065127661626,0.5669308789268233,0.0004169730300290067,0.00041487087673120713
0.5916768230207299,0.008364997815184601,0.2918312652198284,0.0006380840684752783,0.10621165177962677,0.0006384623624155494,0.0006387157337393804
0.0006670829021678713,0.01940078873933384,0.04615326880678541,0.0006656906716846287,0.4806261690538681,0.45182014256888636,0.0006668572572737144
0.0003979378616897146,0.00039748996565993255,0.05850439489316736,0.010746098034166351,0.9097261918707984,0.007189093500697801,0.013038793873820535
0.0007030844016406658,0.0007003438098305461,0.0007032084563274094,0.008114189874387749,0.9883710624111756,0.00070610258774912,0.0007020084588888968
0.0005028068778261226,0.0005013643886882345,0.0005038283601164466,0.4786853125707866,0.5188019979673161,0.0005022193864319131,0.0005024704488346473
0.0005758163249298139,0.0005738969721020572,0.5957785990069746,0.0005749636450142767,0.40134596719724663,0.0005757437255993309,0.000575013128133323
0.0005191084457539687,0.0005181046319316277,0.0005206671159548532,0.0793207272005713,0.9180837967785334,0.000517835160778903,0.0005197606664757751
0.11645705211539574,0.0008308632007053768,0.4884398615228223,0.0008371001015329601,0.39176141973788864,0.0008356434501061798,0.0008380598715490687
0.0004783416468436722,0.00047619359573162584,0.00047842482649273577,0.0004773731661479778,0.8160040522168912,0.18160685361238957,0.0004787609355032412
0.0004515328633794248,0.0004501041213006528,0.08272572566867022,0.0004502432625618279,0.8898810051612888,0.0004515931560499039,0.025589795766749353
0.15321010885114175,0.0005912156712896088,0.024239599458228147,0.017342398299529875,0.8034422758592292,0.0005862542259714253,0.0005881476346100292
0.0005382737798934861,0.1619925110218523,0.046565885974691336,0.0005376578168796376,0.7892859161194743,0.0005410540013791311,0.000538701285829984
0.0003693742011557017,0.0003694621214589709,0.0003693078674521406,0.0003699606275652158,0.9977836939642316,0.0003692771828148211,0.00036892403532157446
0.21838504476759094,0.0004859185824457363,0.048043049686946136,0.00048794629641733974,0.7005692620428777,0.00048666307415348736,0.03154211554956866
0.3180026939114805,0.0006487082887412229,0.0006455620017268114,0.005544628896167285,0.6738666555697739,0.0006448250380938562,0.0006469262940166082
0.0006322587042623111,0.0006294809265838574,0.0006315863407131377,0.25948892954464853,0.7286202669210233,0.0006323004642171879,0.009365177098551513
0.08024353474609036,0.00027446325334354375,0.031148379254358104,0.008691615967628815,0.8790917657312378,0.0002755001395402588,0.0002747409078012412
0.13550447385211795,0.0044143094775969645,0.5711675087744749,0.0006876752284788626,0.25990452274467835,0.0006876004252981868,0.027633909497354753
0.0011471835288427332,0.0011432621984166795,0.31392021845450496,0.03925575304923949,0.518863706648061,0.0011479156025520428,0.12452196051838309
0.12384558565402869,0.0007144555779036353,0.0007180019874931554,0.0007151497838597435,0.7353216311354555,0.0007174205235267489,0.13796775533773262
0.0004108686410440748,0.00040951799246173283,0.4950223327825339,0.00041008157039723527,0.41472993049073154,0.061947903533722294,0.02706936498910932
0.06806898285782749,0.00027239150752599375,0.0002730986254846723,0.0002731866465358262,0.6659858520949209,0.2648528581254561,0.0002736301422489242
0.06908593244970368,0.0005591111049882578,0.0005607657689229214,0.0005597541414307103,0.9167807549955049,0.011892542381988606,0.0005611391574608252
0.48564668003751327,0.0006158413022778118,0.157909685844951,0.0006171779712937114,0.341671840101992,0.0006169394631947623,0.012921835278777287
0.4048810101832193,0.000607983494283824,0.14553563988767337,0.0006064878648056826,0.3775312191682462,0.0006056970031567115,0.0702319623986149
0.1732496921737077,0.0010745441302163863,0.07393403390204642,0.001075722720310603,0.7485139375895106,0.0010760953809947264,0.0010759741032134278
0.23385092937851745,0.0006028752044896189,0.03606933424564969,0.0006047649442846627,0.5593575314008352,0.0006040882834927858,0.16891047654273056
0.0005290337988741959,0.00052722714630834,0.000529317897787852,0.018931868394234004,0.9784259974077641,0.0005277539402892601,0.0005288014147422029
0.0005556704598922637,0.0005537729081356685,0.0005552911523982091,0.009550330477658263,0.9420898110778011,0.0005540838885805419,0.04614104003553409
0.0012160237820638892,0.0012106639622811086,0.0012140544968361404,0.03592948336597987,0.9580046468301656,0.0012108293805062102,0.0012142981821671316
0.052431828230904955,0.0006004128667025616,0.0006025718846506098,0.05104596395759895,0.8865695260763291,0.008148409114150263,0.0006012878696634957
0.7172620336255185,0.0006553121128681905,0.0006592234776409719,0.0006560104111150646,0.27945444853789186,0.0006566392337926584,0.0006563326011727518
0.13682231560213345,0.0013028222600489697,0.48609885773942374,0.0013040585295973415,0.3718632160527206,0.0013071389527409267,0.001301590863335057
0.4602620812718091,0.000696914458107278,0.2756239741181522,0.0006986493535589378,0.2542212409801662,0.0006995467249574619,0.007797593093248877
0.17390407188800214,0.0005675153722166939,0.4417590249071001,0.0005680853049596203,0.38206570357238445,0.0005674578362834224,0.0005681411190534461
0.000405688891790387,0.00040363621839837417,0.0004052252672387811,0.00040384833893963385,0.9975725331517802,0.00040392681000658544,0.0004051413218461276
0.0004929721571810433,0.0004909237728206273,0.0004930761252510008,0.0004911303049710195,0.9931890713541863,0.00435024020220068,0.0004925860833892843
0.331859920495054,0.0007982862068613455,0.0008012918481903644,0.0007995457566340985,0.6641404497456067,0.000798928863233242,0.0008015770844201414
0.132118773295308,0.000543191435817185,0.14609308561257725,0.000544682447045287,0.517501829821319,0.0005468929367936729,0.20265154445113953
0.0006575978415034409,0.0006553141158387435,0.22876412105275715,0.0006556243340285393,0.7207579525351947,0.0006597874289473402,0.047849602691730025
0.2664963731384628,0.0006679303892912308,0.44996402342592545,0.008935843007407789,0.21937949984546246,0.000670058850404475,0.053886271343045966
0.16909463214503095,0.0008672554745502529,0.8265623173162745,0.0008715788068803463,0.0008704554396923395,0.0008664557466716843,0.0008673050708998412
0.0003150297309986373,0.0003140785739282948,0.6437268777939871,0.00031456455230093993,0.35469961913511444,0.0003153609724171924,0.0003144692412533148
0.08157185157115224,0.0004425708530012917,0.19839699008085304,0.00044374767969322936,0.7182563071125406,0.0004445257939790169,0.00044400690878061184
0.0008156096653677893,0.0008151734298686193,0.0008154558501906362,0.0008153761420761904,0.8682724067489946,0.0008119716169209822,0.12765400654658107
0.026984583532086638,0.0007605180103100194,0.09444747637008562,0.000760843324425071,0.8755230752012115,0.0007627463818310679,0.0007607571800498757
0.0018370979733243829,0.0018315212019646553,0.0018363140977271798,0.001834711306276655,0.7433745161139816,0.001838859264999462,0.2474469800417261
0.2603549807143892,0.0014881069266561317,0.44841958670475485,0.0014890126414370865,0.28526424699253516,0.0014937109392843388,0.001490355080943476
0.638848523366916,0.0009658669660599637,0.1149698029963554,0.0009674787045338207,0.1358272619803033,0.0009674640157972429,0.10745360197003433
0.14616780528005102,0.0008213215471894875,0.0008235473339810067,0.000822447323799849,0.8497185780238531,0.0008215104355389016,0.0008247900555864486
0.03051581784589152,0.00029958789242384243,0.04684105129093407,0.00029964851278950776,0.8917129012425085,0.010640743110081442,0.01969025010537115
0.0005575542876276272,0.0005559746831612625,0.0005574319259698976,0.1724121575949285,0.824798576349727,0.0005587262722017636,0.0005595788863840986
0.000450006596187801,0.00044800516858405255,0.6719129241453636,0.00044953069757019287,0.2479157353752008,0.00044886752685648805,0.07837493049023689
0.010023812379886778,0.000595545826712394,0.000597851010147486,0.0006012331735735526,0.934744145267512,0.052839438172747145,0.0005979741694204705
0.24947915204914817,0.0003468603035914397,0.1602854751422671,0.00034733027044537066,0.5888459324298837,0.0003475552827373496,0.0003476945219268457
0.0005386670073377537,0.0005374111458120972,0.000538926057600772,0.0005377948613709189,0.862832602237496,0.13447665352486665,0.0005379451655156692
0.21448869441882817,0.00058309594099786,0.0005861622988793251,0.0005847482969276734,0.7825882478101582,0.0005847423925525501,0.0005843088416562632
0.08978908804613288,0.0007305619000976282,0.49948000019217575,0.0007297019823255424,0.40781006766593797,0.000729690264281765,0.0007308899490484346
0.29355991258281183,0.0004751796026472771,0.00047411621954974477,0.00047234177126964037,0.5223336156851978,0.18221224512437056,0.0004725890141532463
0.0003593734180918102,0.00035813158150926135,0.034785216870316514,0.0067687716998181,0.6242521925730057,0.3331169133971305,0.0003594004601281713
0.0004439289401649546,0.00044230672553697105,0.0004438928845109266,0.1580549606085244,0.8397276159733067,0.00044360443736742955,0.00044369043058878804
0.12759769531487627,0.000479492048967695,0.00048195959051980445,0.030188560749739395,0.825980821150098,0.014790567189266414,0.000480903956532339
0.2868233897426951,0.00048276936838816494,0.18386109632274467,0.0004832701124338748,0.5273824661062265,0.00048298720845467007,0.0004840211390569363
0.07843258398450743,0.0007072204175862334,0.0007101147113335362,0.0007075910958679347,0.9180245718232803,0.0007097465421051876,0.0007081714253195555
0.16036678519723346,0.005693206823535478,0.07770540789464617,0.03381367488955614,0.6612361286489313,0.0009111778254783403,0.060273618720619204
0.4105088923688335,0.0009345422028331921,0.0009325825880388726,0.0009302797481451811,0.5848323914882271,0.0009294026833389636,0.0009319089205832379
0.24590910834637786,0.000535202063107066,0.28790839711274424,0.0005409976606727521,0.4640343844410264,0.0005357294853513152,0.0005361808907203944
0.0005893857562471715,0.0005882457164379766,0.0005898905647522016,0.03928360356543935,0.6771189116495181,0.0005884250633118791,0.2812415376842933
0.00029560144445834246,0.0002960659293327844,0.00029632092503436056,0.00029532438084281157,0.9982254203432487,0.00029539496635523665,0.00029587201072769356
0.2663384217130331,0.0007639492491775032,0.0007672039416519527,0.0007643340506803918,0.7298360609052447,0.0007646483373152109,0.0007653818028972129
0.0010621236594184679,0.008478263240166135,0.03463871182078717,0.0010591619836030318,0.952641337872967,0.001058983106512154,0.0010614183165459142
0.13832121141467088,0.0009041687751760799,0.0009088968394738643,0.000905888689450128,0.8571499792830417,0.0009042801691660583,0.0009055748290212198
0.18923025633674728,0.0003887636574031671,0.3174046369212823,0.07015570706817031,0.40394024491302355,0.0003878230012963967,0.018492568102077042
0.0006692893283775913,0.0006688048278599291,0.0006699405734536325,0.049000603276764275,0.9476546240661544,0.0006679125408289658,0.0006688253865611317
0.403667427445896,0.008032454831671,0.04971357460405351,0.0006684008678575064,0.5365812837602624,0.000667585053049641,0.0006692734372100654
0.00039384173302606224,0.0003924918122093854,0.053678394259007334,0.0003930588708127442,0.5651283259194959,0.00039291442046913776,0.3796209729849795
0.0006071556994106399,0.0006055274900599694,0.0006083424346487454,0.0006057125210927578,0.9963614794116106,0.0006055711935461231,0.0006062112496312964
0.0011020177531301904,0.0011000584056605704,0.7384333692384165,0.00109944814476532,0.2500980586656155,0.007064463767657952,0.0011025840247540285
0.3648915803596498,0.0006131939376044056,0.0006153560331475484,0.0006151347774357349,0.6320359631783589,0.0006139467923510675,0.0006148249214524396
0.24683038342319635,0.00029172676260971265,0.20173347363757013,0.00029035766735839856,0.5383965828173235,0.0002916491207531838,0.012165826571188688
0.0008550479577495589,0.0008503510911578305,0.0008539753083546223,0.19785459704882216,0.7817593302678464,0.0008508962305384438,0.0169758020955309
0.035810529047814725,0.0006296975560320363,0.1475856689957217,0.0006300525439848898,0.6481638523952707,0.0006296677105224164,0.16655053175065354
0.0015951939227067653,0.0015879993311675219,0.0015918144779887016,0.04522588748401315,0.9225105140767668,0.025892406228944426,0.0015961844784126253
0.17637968808781201,0.0005122911163609161,0.3328019527044077,0.163012763126711,0.32626568375583354,0.0005136168783276572,0.0005140043305472473
0.11131122479613709,0.0007892779198361027,0.2893200806627699,0.0007904652599313662,0.5962015240334271,0.0007903565019056937,0.0007970708259928987
0.14412875977447243,0.0007232465139420317,0.4928513114128473,0.0007222468579658081,0.3601283031538093,0.0007221842952813781,0.0007239479916816505
0.48701614447188346,0.00032193395687860944,0.0003232172732475102,0.000322372150348462,0.49298439655875653,0.018708886979485827,0.00032304860939944946
0.07902430627737525,0.0009725772637640906,0.12215867049408458,0.0009819888194540977,0.7949161145367765,0.0009726300745178274,0.0009737125340276757
0.1646819846076655,0.0005350514815674755,0.5338304857130756,0.0005366359556104868,0.1488034554400063,0.0005358296130492193,0.15107655718902552
0.00019994522747441773,0.00019899230273023966,0.00019974294709636887,0.0534536440970488,0.9328459010016414,0.00019933825836714132,0.012902436165641669
0.14845188849202165,0.00047311449373401674,0.00047470226791195534,0.00047400948940304647,0.8410712722079065,0.0004745156585576483,0.008580497390465139
0.0006628754782837293,0.0006616934719808174,0.10557614810981765,0.0006616955338855364,0.8255895545791133,0.0006619155748408986,0.06618611725207814
0.07047398615254506,0.0004892420581727708,0.10990597232141487,0.00048988823467891,0.8176606741614912,0.0004895280319807731,0.0004907090397164327
0.10489478306533166,0.00123154527515381,0.15184267072089336,0.0012334491275225092,0.7383292160377274,0.0012326377169349504,0.001235698056436383
0.00045143306960104845,0.0004513750537156476,0.18254010198275084,0.000450502085035487,0.7716554898762724,0.023763602346574125,0.020687495586050483
0.0009316918538429447,0.0009276557405727568,0.0009305680967432484,0.0009283646114712952,0.994421053631288,0.0009314217918438725,0.0009292442742378875
0.04565816640172379,0.00019279250713430358,0.2054874033038523,0.011254092149876398,0.7301866760586219,0.00019388336613563583,0.007026986212655676
0.06747972768976412,0.0006438451646436589,0.5942528256488944,0.000644194932232714,0.33568808722613425,0.000643900766987915,0.0006474185713430135
0.06123348606445504,0.0005691565690376086,0.05694272604899957,0.30561699559450484,0.5744956585228556,0.0005696971972966247,0.0005722800028507123
0.20142496051667935,0.0010505676394512553,0.08563388362844569,0.0010517195048722603,0.7087364249763675,0.0010509380140079202,0.0010515057201761736
0.0003227493426579925,0.0003211551222393617,0.00032274406634712373,0.23286054972153042,0.7655293284333152,0.00032147683467081544,0.00032199647923901713
0.02111640716542012,0.0005195609933962313,0.0005217769998954453,0.0005201998391060162,0.9762800769739676,0.0005199046548792246,0.0005220733733354228
0.0005162249819361085,0.0005139881417613498,0.5783799088337781,0.000514468618534026,0.4190462175879682,0.0005141315744721286,0.0005150602615501088
0.0014367681364335643,0.0014285934246580428,0.17260534985589193,0.001428974166539507,0.8202315345715361,0.0014349596041951808,0.0014338202407457056
0.11927457685125588,0.0004452802100170853,0.0004473477659458413,0.00044547196742232456,0.8784942161811795,0.000446176416923095,0.0004469306072562424
0.26136983490775584,0.0006972074452493523,0.37147273489476235,0.022738185634663143,0.34232467838902514,0.0006977884592829201,0.0006995702692614569
0.054595715111754775,0.0009995795295540738,0.0010030611404116044,0.053786533975395207,0.8205989984016601,0.06801564781313729,0.0010004640280869388
0.0004570725867506521,0.00045496400194554727,0.00045657881765387643,0.00045630478016314333,0.8689551448765904,0.00045733855291021577,0.12876259638398632
0.06153274803427529,0.0069779828779001135,0.24797098077031166,0.0009383428933677401,0.6807078372666586,0.0009351194301528526,0.0009369887273337765
0.00046611880546874683,0.00046385417732931327,0.10169468943583075,0.00046400749519417115,0.6937117586550402,0.00046424584175408615,0.20273532558938281
0.09505025425848308,0.0009652619452657692,0.41398064125150047,0.0009655419598827116,0.4870942576913729,0.0009732534163986338,0.0009707894770965732
0.0002933446861439433,0.0002924823440018484,0.19390228001980425,0.0002954481196359245,0.8021623350509968,0.002761083108190218,0.00029302667122710677
0.000667376712539552,0.0006645353026149037,0.000667377770341551,0.3503799097363899,0.6462899532229933,0.0006651070991130165,0.000665740156007929
0.1179277837753821,0.005579390902753341,0.00048002825339305764,0.00048004389059905385,0.6534485469274637,0.006597595410295013,0.21548661084011378
0.21173929595251054,0.0006083684129574325,0.03375980081253005,0.0006085111935344872,0.7336803418233331,0.0006093824268427865,0.01899429937829174
0.0005663125130569405,0.0005648319535480582,0.7660504713608867,0.0005650679653647177,0.21522671061923157,0.0005678931394734817,0.016458712448438464
0.27374250469722494,0.0005465729316599485,0.0005438904420628678,0.0005416204539588105,0.7235405550362904,0.000541907359400047,0.0005429490794031531
0.19047899484453493,0.000958781551578093,0.0009619604159429435,0.4785873897890093,0.30939544441057315,0.0009596813455062964,0.018657747642855223
0.001010275134182281,0.0010060451778564588,0.5514790437100839,0.0010063613255956278,0.4434797004622042,0.0010114083727291209,0.0010071658173483077
0.04880463448138112,0.0009523891945350485,0.0874763009972777,0.0009575852225468689,0.8598999898230536,0.0009531378273072298,0.0009559624538981388
0.0003024742123438084,0.00030091882708312877,0.07523864698979936,0.000300981161228071,0.9232538790155222,0.0003018581910804177,0.00030124160294302786
0.21160042150983766,0.000985231083530879,0.0009892861728640467,0.000985484728009188,0.7834635609653341,0.000988226365280857,0.000987789175143296
0.0009550097890931344,0.21357876698627587,0.16051316701966384,0.06097865376474427,0.5620667217561506,0.0009539335752400323,0.0009537471088322384
0.0004195276127277965,0.00041780233296970806,0.06654602432859491,0.00041982538618839975,0.9313597243674112,0.0004183489043152695,0.00041874706779267997
0.000550895497074571,0.0005494559646650315,0.0005513878979677784,0.0005526907836907834,0.9265465929691631,0.03771067863072043,0.03353829825671837
0.0660503029739845,0.0004579013459812704,0.00045979805101025486,0.032065507945229194,0.9000479881749122,0.0004585717845821356,0.0004599297243005235
0.08727126060221296,0.0006186902852327105,0.0006209441913106851,0.000619805572553771,0.9096306047912457,0.000618707167400224,0.0006199873900438697
0.0003058469040807687,0.00030475688769338624,0.03438805445992528,0.0003047645204067544,0.9640850522809022,0.0003052095583917782,0.0003063153885999012
0.00041447321443229614,0.00041290314208018876,0.04878954346917412,0.03190928713196158,0.9176453260094974,0.000413502247765556,0.0004149647850888058
0.00024930446222175094,0.0002485070095833457,0.4357332258685097,0.0002495220990146033,0.5630214391921842,0.00024892551147135674,0.0002490758570150167
0.00028775698066988684,0.00028703549293611976,0.000287953081307881,0.03018323491852104,0.7956433600710944,0.00028942325107784056,0.17302123620439283
0.1395174248313615,0.0007200372402874477,0.4871525969768797,0.0007212183966634428,0.3704494095890986,0.0007194931025806541,0.0007198198631286568
0.05993917201760441,0.0007686574866447865,0.000771902150764267,0.0007688649956204468,0.9162470629948132,0.02073483433676758,0.0007695060177852996
0.00044266027416570077,0.00044124558713434184,0.1372432698641584,0.0004420885846157696,0.8605477771281524,0.00044135683084486096,0.0004416017309286518
0.00044228910373010795,0.005369767808555909,0.0004426791931442699,0.0004417546270579338,0.9924185459229465,0.0004433920429320879,0.0004415713016333316
0.047394290380235966,0.0004826843544771326,0.0004848398595586546,0.0004839137439788022,0.7496662420395809,0.00048336547308923167,0.20100466414907933
0.04626429209975494,0.0004896545131699884,0.06011850127028034,0.0004894903052279664,0.7919793249695277,0.0004908107255757397,0.10016792611646316
0.0005191383706196716,0.0005177956545161004,0.0005195626837892097,0.0005183994423188001,0.9512509060044323,0.0005202751748254058,0.046153922669498346
0.0007050728002297647,0.0007037339626203399,0.4322380653649741,0.0007051438242673694,0.5642384739586748,0.0007043613827560028,0.0007051487064776823
0.0006204281574051973,0.3095118828757176,0.07510823161112339,0.0006196017245056262,0.6128989967047513,0.0006206992338322656,0.000620159692664653
0.03192829156136462,0.0006739854270566121,0.12862572819198376,0.0006747378333354993,0.6303321406216502,0.20708969079016668,0.0006754255744425304
0.0006838753659841449,0.0006808604068274309,0.0006828942669467935,0.0006834584649769059,0.995905351662906,0.0006816711252370725,0.0006818887071217987
0.4462854550395542,0.0008873192772082502,0.31574306702724547,0.0008883072778766973,0.23441501830247047,0.0008901229828187999,0.0008907100928262616
0.0003724224118231723,0.000371208870106898,0.536691533112723,0.0003730429803569125,0.46144669502006586,0.00037234592293897877,0.0003727516819850738
0.0007839789569091492,0.0007807507345110988,0.4478309058918286,0.0007811396578804745,0.5482571774939139,0.0007809171367007135,0.00078513012825609
0.10179259475455864,0.0007004554464297927,0.18594122770205082,0.0007013844787789249,0.5436315900808357,0.1665298143993267,0.0007029331380193791
0.5438092732442891,0.0007146407018426199,0.0007169849616255139,0.0007156588271749806,0.45261262643711014,0.0007149736788056649,0.0007158421491519042
0.0006601750155245331,0.0006591376155924995,0.07440836794952135,0.0006629816371304857,0.7192984745612234,0.0006589627652846492,0.20365190045572312
0.0010241207560466373,0.0010204204449653221,0.37761239863672413,0.07588163063218066,0.43081603815572994,0.0010258262333268065,0.1126195651410265
0.1890159466762039,0.0010262764482582352,0.14171173774523682,0.0010174706549361907,0.6651971444005141,0.0010169545963149076,0.0010144694785356257
0.00039346813781160415,0.008436793186501527,0.0003930818765721398,0.0003941992395233333,0.7083361928383488,0.00039219255717255975,0.28165407216407
0.09299268958557905,0.0004911468706416832,0.0004930690242737249,0.000493933261459893,0.904544985561564,0.0004917332819725565,0.0004924424145089543
0.08256579943192963,0.00473251522070995,0.40927832052467455,0.0004836356445372233,0.45992203922162,0.0004828387601794606,0.042534851196349026
0.2709204230616437,0.000658127692605697,0.3199741352410623,0.0006529083641873136,0.40648389212461333,0.0006537038628519113,0.0006568096530356607
0.12027406110475997,0.0010085642614551665,0.6364519900271521,0.018441092902606246,0.2218048926631883,0.0010083975822692416,0.0010110014585690626
0.0003828295361738121,0.00038095654837608684,0.05314330394836394,0.0717091838955188,0.8378317906209389,0.0003819014492953421,0.03617003400133317
0.10439510544825449,0.0007069210347233303,0.29858845341371226,0.0006987332158570727,0.4120967647197527,0.18281388879507465,0.0007001333726253838
0.4165660937325779,0.0008884163785852894,0.5790036728519234,0.0008829413066363513,0.0008873804585539382,0.000888697770843972,0.0008827975008790466
0.0007391217123638576,0.0007363818110642467,0.0007389360853893183,0.20336347379453001,0.7847144661048119,0.0007368562594128573,0.008970764232427772
0.218031910191697,0.0005624348470967261,0.0005654559037859269,0.0005636073751320169,0.7791485028368508,0.0005643374626755824,0.0005637513827621675
0.4749144160977185,0.0014729714081075042,0.0014790430560604358,0.0014785216695538932,0.5177021469815051,0.0014738533455618404,0.0014790474414926903
0.0003541592233378266,0.0003527375836989768,0.05347274162798117,0.00035408776981452907,0.9004367933995662,0.00035424290481773804,0.0446752374907836
0.0014172713384358597,0.0014151263839461323,0.23953847600055655,0.0014197795086093512,0.7070052590147929,0.04778806076183854,0.0014160269918207084
0.0005944121614723656,0.0005928087471074406,0.0005943892311707261,0.037512537107593974,0.9236535699041574,0.0005934878246503694,0.03645879502384776
0.0005834520810570298,0.0005807308413139884,0.0005827342855902264,0.0005825313094417063,0.9965028787811907,0.0005843736252375887,0.0005832990761688284
0.09089553127775069,0.0006132950691238896,0.07025394582185221,0.0006174236595999049,0.6591793543827118,0.12048184264516591,0.0579586071437956
0.3226739047206993,0.001681087917886295,0.001685948885765508,0.0016842479839187957,0.6688904646754569,0.0016953486576802095,0.0016889971585929558
0.5353412865693457,0.0006299583006946949,0.4012466094952147,0.0006297954500920311,0.06088342653210059,0.0006379102069581593,0.0006310134455941415
0.17295863091354577,0.0005625827669479605,0.0005646399866769122,0.0005631871330567656,0.8242242117723613,0.0005628657674427092,0.000563881659968714
0.06067800306593224,0.0005909942538815566,0.3704892251986718,0.0005916066004159668,0.566465788114684,0.0005928717083545159,0.000591511058059982
0.13937998733822657,0.008765307799262297,0.0007751253216150775,0.0007745308807429165,0.8487561950302284,0.0007751823463863224,0.0007736712835385228
0.00046870448348066736,0.0004669190224144074,0.07605379234987755,0.00046746142138517455,0.8391519975254159,0.08292275120501527,0.00046837399241078686
0.0005039169387387773,0.0005012592820270226,0.18435194292578705,0.0005018198028826015,0.6812157365405644,0.00050177862933392,0.1324235458806663
0.0008143587680031151,0.0008118247034516894,0.5229442826449913,0.021150199423117483,0.4526465105693506,0.0008160411350392703,0.0008167827560465462
0.0006838603823879698,0.0006815104039885192,0.34490620970946717,0.0006834006249910371,0.651682344475952,0.000680735635244439,0.0006819387679688268
0.00047963366581628463,0.00047788342777523664,0.0004802602102927788,0.005006416291388674,0.9925965351084355,0.00048098434857858207,0.0004782869477130758
0.41863049516529405,0.0003627758624189499,0.04597705552344193,0.0003635036680957906,0.5339394104434372,0.0003632407255337219,0.0003635186117784545
0.0005576711357772234,0.0005566370929750436,0.3016124041229889,0.0005569936136152638,0.6859590658946758,0.010198692288482688,0.000558535851485178
0.0007239085661457729,0.000721561830850404,0.0007241475835021861,0.1695996953341909,0.8267837067512579,0.0007226823568201015,0.000724297577232793
0.0004777173491121308,0.00047621607451705334,0.00047849727359843447,0.0056121107325492305,0.992001529479797,0.0004764494778775733,0.00047747961254840604
0.06121490888525403,0.0005859450006955382,0.42788125477100947,0.0005858952042897805,0.5085594030418034,0.0005858418579460741,0.000586751239001774
0.05433135338240767,0.0003760168653584997,0.0652194503175501,0.0003796172839027946,0.8789398627758589,0.00037626509119926686,0.00037743428372278984
0.08163995369421952,0.0007893298174962499,0.4594257628261061,0.0007908620134143751,0.45577042329949646,0.0007912000973569032,0.0007924682519103661
0.2349834339000791,0.0007347428849508345,0.13545200897744147,0.3540869503447131,0.2612371109870037,0.012770919755998904,0.0007348331498128806
0.21637479887195077,0.009375888491425656,0.05205155115040992,0.0004978769365910013,0.7207046551950147,0.0004981003417866758,0.0004971290128213948
0.3013438061977403,0.0008988365390438305,0.5206252162181003,0.0009029439449075665,0.0009030905039054132,0.0009014879366795153,0.17442461865962314
0.35913110954525856,0.0010905292345575986,0.0010955608285069145,0.06595923509128475,0.5274338073165437,0.0010922769869315442,0.044197480996916914
0.3188476648867692,0.0006086725858280147,0.0006109715106001689,0.0006084360152235933,0.6781046717906457,0.0006101170617411945,0.0006094661491919837
0.11314079960563168,0.0006555727045679513,0.0006579251061565751,0.0006573447484295154,0.883575376171433,0.0006556528271419817,0.0006573288366392543
0.00024596930156390933,0.00024511038597550843,0.000245893182542103,0.06563718376094033,0.9171006491050214,0.0002463359027456798,0.01627885836121108
0.08740009595585234,0.0016234008656274635,0.12471165757490967,0.0016310452388077143,0.760386341802813,0.0016318536557062872,0.022615604906283678
0.26994202948813306,0.00044747150887307645,0.00044704260961495756,0.00044538788830143653,0.7240965333831405,0.004175078467458518,0.00044645665447861195
0.1947988309041416,0.0008071143468354189,0.40249167792560553,0.0008090678176231277,0.3872102458957326,0.0008077355023152027,0.013075327607746543
0.0005017801533915934,0.0004999203718260456,0.1426561419903983,0.0005025492683246336,0.8347913125373805,0.0005013216003251827,0.020546974078353708
0.21477223031381465,0.0014171293502721976,0.001418983581426001,0.001419169662118324,0.7781315296384889,0.0014196985667092362,0.0014212588871708198
0.000838368092506515,0.0008354301990594542,0.0008395324823322953,0.0008370654460271276,0.7412616741597688,0.0008358050956259478,0.25455212452467985
0.2682767568231061,0.0003720508877564387,0.2142531809934057,0.0003726396837916599,0.46105458697123386,0.00037260505893853664,0.0552981795817678
0.18963346632703734,0.00047473493879039073,0.04603674746884286,0.00047564183894597075,0.7624264997397254,0.00047725964038090976,0.00047565004627705173
0.000631555110200043,0.0006298368246294482,0.0006322402354927946,0.0006302024030696037,0.8388555611250172,0.1579901528029805,0.0006304514986104411
0.06992568356039641,0.0003721975466774148,0.030165163291411952,0.00961187310101313,0.8560028227126857,0.00037238377062620125,0.03354987601718921
0.0007428409474400658,0.0007403521094332683,0.6331237374554528,0.0007420020146495569,0.36316896431346607,0.0007408400114827811,0.0007412631480753583
0.0005819576894997677,0.0005826135299654013,0.04258365162008203,0.0005826699733955975,0.9175984579091465,0.01881688215473295,0.019253767123177695
0.12617314457483755,0.000655724806593558,0.08883385952371721,0.13516322458322316,0.6478574519231693,0.0006593781228475201,0.0006572164656115597
0.0008860031082433671,0.0008879053002278437,0.0008857922184527335,0.0008822939553917021,0.8618527696582788,0.13372228751983056,0.0008829482395749992
0.3176251041128519,0.007082059095546123,0.0006182709411626882,0.0006165736883828387,0.6728243986946363,0.0006166493283709997,0.000616944139049038
0.12686797052278467,0.0009655055066835121,0.2590213278647255,0.0009682579831906192,0.551895410230366,0.0009660386467214656,0.05931548924552831
0.3303275613005615,0.00038011424429829007,0.22745108885732376,0.021542100420384278,0.4195401039432377,0.0003793432469002999,0.0003796879872940832
0.06772775251214601,0.0012210144666968846,0.7396189063914872,0.0012213986312191467,0.18776317957852934,0.0012243062813962857,0.0012234421385250735
0.0004106052957689863,0.0004094423503765249,0.06019360322030345,0.00041002230339584524,0.807856354310248,0.1303083875498164,0.0004115849700907209
0.10552256878455436,0.0005719125235862036,0.0005733842155166823,0.0005726497851241449,0.8916116816641512,0.0005727879075355795,0.0005750151195319313
0.11309257778190886,0.0005271574610594367,0.011086332159717549,0.0005278575676489207,0.8633176064094751,0.0005287188751190128,0.010919749745070954
0.0007702592855858303,0.0007686924176439065,0.0007709735324574072,0.014426064438287518,0.9556717425066998,0.0007714677628038047,0.026820800056521623
0.0003634686212189324,0.0003617093421809336,0.0003632338522590564,0.07102790944424718,0.8258440525808948,0.0003643240193527511,0.10167530213984648
0.0007071671295927486,0.0007041170740652855,0.2669095655260874,0.0007047551988182745,0.701591489699687,0.02867783798709153,0.0007050673846578369
0.0005833870627190902,0.0005808832503185787,0.3854921789152401,0.0005812722677208083,0.6115996831147646,0.0005810549820266124,0.000581540407210134
0.0005213962267313156,0.000519838125284903,0.3853065393160318,0.006530693854446767,0.6060808845063294,0.0005201177426119995,0.0005205302285638665
0.08363179815114628,0.00042393039686794485,0.15860072385108773,0.0004229746813141199,0.736470510577089,0.02002673699655065,0.0004233253459442476
0.07485551799595229,0.0004700131835461049,0.3292827189734956,0.0004709272412331004,0.593977767867347,0.0004710765704353945,0.000471978167990481
0.0008484900908615799,0.0008459357010211529,0.5261390349791789,0.0008462680986513364,0.46962749709339774,0.0008457096888894346,0.0008470643479998054
0.0004383132681986633,0.00043705197889067234,0.17602832241730143,0.02800730111303922,0.7585607132934031,0.00043717154259847584,0.036091126386568514
0.00033665147803843364,0.00033590718550306694,0.00033665928407128093,0.011168695044948945,0.8481551720422852,0.004399501621612632,0.13526741334354053
0.27842900920278724,0.0005102090614737598,0.22857853921508672,0.0005106860365482046,0.49094662834320074,0.0005130857853953756,0.0005118423555077942
0.0007644346690471685,0.000770573786378505,0.5323141581581508,0.0007604688233595724,0.4638654478047848,0.0007639445987511438,0.0007609721595280987
0.015047894270247303,0.0006438025134307623,0.0006460398435165415,0.0006445727998666839,0.9817263911569621,0.0006443468921131756,0.0006469525238633726
0.08943910062898165,0.0005519981242100893,0.397677366276246,0.0005519026950917645,0.5106752637874226,0.0005520747495844236,0.000552293738463454
0.1360536878687914,0.0005538531965974917,0.4150184742950929,0.0005546567903655244,0.4467095923331111,0.0005545783176665851,0.000555157198375132
0.21457804469900416,0.0005374451281691926,0.0005392298735441521,0.0005378353267603544,0.7587587358483558,0.02450951269816719,0.0005391964259992365
0.35303796363574347,0.0006406199118125664,0.0006436428234671971,0.0006409867389635754,0.6437543162252461,0.0006410390627215098,0.0006414316020455504
0.6682348281168422,0.0009591215591211048,0.0009625333970754329,0.0009606516660329612,0.3269592228576338,0.000962398430586429,0.0009612439727081642
0.14405533924559769,0.0007722718175328567,0.0007749692868530145,0.09634796337001288,0.756500379882956,0.0007741782502166817,0.0007748981468308565
0.04033454279355324,0.0005977352364956642,0.5818150360078609,0.0005984491123363851,0.37545685366907716,0.0005988239870458221,0.0005985591936308113
0.15277667364777167,0.0008554399479155636,0.5224345655371677,0.0008561250509315542,0.3213607851689808,0.0008585867749495122,0.0008578238722830944
0.25904891746498987,0.0003685030993793849,0.0003693879871927417,0.0003693138313052684,0.7391056388985138,0.0003685878107255989,0.0003696509078933216
0.0003138929397608921,0.0003126784612050857,0.03580803482104178,0.00031343777450166957,0.9043074818499995,0.006127791014757504,0.05281668313873355
0.000490896064711532,0.0004915924091666003,0.0004911645361658985,0.012366931084484606,0.968023949755638,0.017645186483317598,0.0004902796665158041
0.0004931801309109037,0.0004910092043412566,0.37129163034943397,0.0004916038536324426,0.4697792574472384,0.15696006918165462,0.0004932498327883097
0.21798355108649642,0.0010341795679393642,0.3010106557388527,0.0010288852642292812,0.47687918087536646,0.0010287810343376786,0.0010347664327783014
0.0013186212474432346,0.0013108302464544237,0.001317057096842396,0.22019750277070552,0.7732308677036263,0.001313799535734964,0.0013113213991932612
0.37489282038576727,0.0005334184397254124,0.04950343879105934,0.000534175814385739,0.5485895478449268,0.0005335941224459754,0.025413004601689507
0.19953477374763373,0.00044519027428411635,0.22675606626707123,0.0004480549235459542,0.5719226872023371,0.0004458183259412167,0.00044740925918675155
0.00044229336470447426,0.00044091961657012575,0.40992742413484173,0.0004412484897398605,0.26998352886225147,0.0004425552580405388,0.31832203027385186
0.00047946349844185914,0.00047781881554031266,0.00047937266119143227,0.13287823113152744,0.8445897929177687,0.0004781981761622888,0.02061712279936787
0.0006770764722771884,0.0006738617231450708,0.6198425225372787,0.0006743205631257878,0.37678169147676743,0.0006743338887634321,0.0006761933386425066
0.000577681994334454,0.0005786645731914524,0.5088055645172853,0.000576570088367764,0.3344111007832003,0.0005778286591342647,0.1544725893844864
0.24100460923930286,0.0005052591223997567,0.10371020584197166,0.0005070829094537363,0.6532618362695859,0.0005049643383263405,0.0005060422789600328
0.09449437323732085,0.00030462353826192376,0.023457377002230852,0.012488167057060743,0.8135489740600083,0.00030493956256544063,0.055401545542551965
0.06066377770954045,0.0004164985063687137,0.36113605521572095,0.0004171309843943618,0.4614650401356333,0.11548324637723069,0.0004182510711113996
0.0008380338050154774,0.0008354931892129807,0.6152806804428164,0.0008368870494637935,0.3315911847438877,0.000842501355501389,0.04977521941410226
0.05087879875957039,0.00036165174647622875,0.03446399676971805,0.0003602577239434061,0.8098522017918339,0.10372199135477957,0.0003611018536784805
0.0005895678413239,0.0005923314098206371,0.02140830174286032,0.033917599474406715,0.6915958116266082,0.000588944709587494,0.25130744319539267
0.07438426215526266,0.0003239660671764752,0.06658498577220708,0.016163037503086668,0.7759888707846817,0.00032470002423811583,0.06623017769334731
0.06489180260007732,0.0012654913073870135,0.3478823278574517,0.0012657205376624197,0.2797946660493114,0.0012648373895819947,0.3036351542585281
0.00043441411097750956,0.0004332860190252844,0.3143811445880489,0.0004342284839053134,0.6681661637053334,0.015717243964164202,0.0004335191285453442
0.5923910820470666,0.0003589814656596567,0.0003604614627910778,0.006761880715983602,0.3994070954353585,0.0003599983824597148,0.0003605004906809399
0.08993646119969417,0.0003752502563608254,0.0003771820350586583,0.0003777343917228624,0.9081818081628622,0.0003751295585328014,0.00037643439576854135
0.0483639349512356,0.000505206182488768,0.2368534155355911,0.00719943895789448,0.6576038650927578,0.04896794077945765,0.0005061985005744393
0.38091314503942164,0.0007266388692469046,0.0007285743330650346,0.008840350376367066,0.5940378189598348,0.014022394029639632,0.0007310783924247553
0.0009417917863010372,0.0009403521911894269,0.0009437884306871569,0.0009403402254079744,0.8730610235292199,0.0009407973295415332,0.12223190650765298
0.038034795355515794,0.00029011626225926854,0.00029113430206830263,0.0028348060661938105,0.9198657827412773,0.000289938938278491,0.038393426334407114
0.0016675963333790363,0.001661951456481848,0.5194480178731725,0.0016612399533762164,0.47223576760512115,0.0016625572140952889,0.0016628695643739948
0.28589087496274956,0.000667735824446158,0.0006707021691620344,0.005454543954010179,0.7059789547235797,0.0006680868988185698,0.0006691014672338012
