0,1,2,3,4,5,6,7,8,9
0.005555555652420328,0.005555909001570192,0.005555555651099748,0.005556354870870768,0.005556666968950907,0.0055559492845805945,0.6490935999193274,0.3064581019750091,0.0055560286942784596,0.005556277981892524
0.011111112345956672,0.011111111336840424,0.01111111232911796,0.30188760919398777,0.011112550112175396,0.01111289482899868,0.011111111151592608,0.011111290315113587,0.25469423463476853,0.36563697375144844
0.0028571431348024213,0.0028571429077887413,0.002857143131016311,0.002858252510743325,0.002857291552518224,0.002858220230453573,0.002857811779852147,0.03286447240796788,0.0028582773637238976,0.9442742449811334
0.00833333365889834,0.34381569069820334,0.008333333654459886,0.5895081920069969,0.008333333390038127,0.00833509655349157,0.00833673787139616,0.008333333355882015,0.008335928317435013,0.008335020493198595
0.004000000156808719,0.004000209546138143,0.004000000154670568,0.004000687986797241,0.04887085763363459,0.0040002809711223285,0.004000635138102408,0.004000770332201875,0.004000373603518848,0.9191261844770053
0.0031250001798996643,0.00312679850973301,0.0031250001774466543,0.003125915446632257,0.0031258083696500366,0.0923361605517786,0.7162049388636753,0.1695793440341715,0.0031253529269916693,0.0031256809400213156
0.002777778033179737,0.002777777824376458,0.0027778828516159828,0.629614798918818,0.002777855774118428,0.0027781735325342442,0.22235929569790594,0.00277842181965824,0.002778031874970052,0.12857998367282283
0.005555555963897022,0.005555582827753634,0.005555555958328762,0.307054395740439,0.07807322249953758,0.0055567452059570345,0.005557278123931687,0.005556082503440124,0.005556737919685896,0.5759788432570293
0.003030303173962428,0.003030331439462263,0.0030303031720035375,0.0030314226400014648,0.12389916079408889,0.0030313838603763105,0.003030628210334291,0.0463534822049167,0.0030304862579809133,0.8085324982468732
0.010000000287257777,0.010000000052425287,0.01000000028334177,0.010000159077135449,0.0100000000500474,0.010000770060212764,0.010000714910971834,0.9099942752766667,0.01000398818078209,0.010000091821158864
0.014285714391419808,0.014285714305048861,0.01428571438997838,0.014287107264821118,0.01428571430412497,0.014285860560383995,0.8714240420284145,0.014286545692705715,0.014286660991438785,0.014286926071663927
0.008333333523676012,0.008334347787787938,0.008333333521080448,0.008333632328495775,0.008333435603106915,0.00833365755767316,0.008333770615176051,0.00833487831450188,0.008334880431010801,0.9249947303174909
0.0011235955727251752,0.001123596620685208,0.0011235955718100828,0.4324202055038697,0.0011236740995149842,0.001123808653756725,0.0011239601074102064,0.0011237083202256574,0.0011238265881841187,0.5585900289618181
0.03333333350710324,0.03333333336496255,0.033333333504726934,0.03333333333476619,0.03333333336351756,0.033333333335841306,0.0333333333389985,0.033333333345314194,0.6999999995691616,0.03333333333560794
0.007142858941461639,0.00714285747080619,0.007142858916935294,0.2659269468383185,0.007142857458001755,0.007144268192483858,0.00714296375381211,0.0071431991984542975,0.0071452168033279,0.6769259724263985
0.00322580666175131,0.003225806490048446,0.0032258066588858707,0.970964715836795,0.00322589799673741,0.0032261677724383458,0.0032267619060372924,0.0032261789516310835,0.003226504614363669,0.0032263531113115146
0.016666666727922406,0.016666666677838293,0.016666666727087106,0.01666671830716768,0.016666666677332853,0.016666754098778547,0.016666849996328767,0.8499996774505179,0.01666666666955494,0.016666666667471366
0.011111111446925902,0.011111111172518038,0.011111111442352281,0.41456886268249743,0.011111111169653002,0.011112805632539701,0.4965317288227327,0.011113519586249131,0.01111432335500431,0.01111431468952754
0.020000000523915706,0.020000000095916192,0.020000000516777007,0.020003446076467285,0.020000000091285816,0.020000768839370693,0.3248082916310757,0.020003164054993125,0.5151814960519999,0.020002832118198453
0.005263158025923984,0.00526317236350885,0.00526315802413508,0.00526375261462501,0.005263157917591511,0.00526366294457681,0.0052634590820695454,0.005263317399058593,0.005263362606713796,0.9526297990217969
0.0031250001845566284,0.0031250743732316923,0.0031250001820401427,0.0031260032876902445,0.0031271537972600394,0.27643783751676504,0.003125821767200355,0.12954629936000459,0.0031259164839739944,0.5721358930472772
0.005263158321729509,0.0052631712332568545,0.005263158315907209,0.005264298642158894,0.005263179637085279,0.005263543249942927,0.005266732830307974,0.2061733079472934,0.005264055308104193,0.7517153945142137
0.005555555804795856,0.0055555556010259185,0.005555555801397771,0.005558362895804197,0.0055555555990037305,0.0055599690910914205,0.005556416066868056,0.005555627194643877,0.9499900045106993,0.005557397434669836
0.004166666946521062,0.004167259718603785,0.004166666942704889,0.004167969489578631,0.004168372560986154,0.0041679344573391725,0.5045302485122224,0.00416666668602211,0.004166786107859875,0.4621314285781619
0.002127659692169375,0.002127662377311166,0.0021276596905644013,0.0021281259060841012,0.0021277690812490126,0.0021281504440608594,0.19657154493725187,0.0021276864690837386,0.0021278849400534388,0.7864058564621721
0.02000000041717893,0.02000000007647628,0.020000000411495786,0.02000135587503373,0.020000000072783932,0.020000413908616243,0.3317875141188092,0.02000173678316741,0.5082066712684791,0.02000230706795953
0.002857143065817804,0.0028571428952217258,0.0028571430629724336,0.00285788537022125,0.002857677263118925,0.5868188786084407,0.3556729982129419,0.037504703903272485,0.002858051830998059,0.002858375786994854
0.009090909287138425,0.0090909545426295,0.00909090928446442,0.009092563340463995,0.009090909125117754,0.009091665607757505,0.00909199063886421,0.009093359144272785,0.5280772623375832,0.3991894766917082
0.007692307807952899,0.007692339745913574,0.0076923078063764385,0.007693509536368404,0.007694501181328574,0.007693229034436163,0.007693754551342416,0.007692813564474281,0.0076928874570194455,0.9307623493147879
0.004347826299987744,0.004347826125866042,0.004347826297082791,0.1411202542020239,0.004348279315196079,0.0043486472719695786,0.004349233381207298,0.004348796639275806,0.004348707606576008,0.8240926028608148
0.014285715356483817,0.014285714481019608,0.014285715341884947,0.014289480348553736,0.014285714472178242,0.014288203385031253,0.01429415493856472,0.8714102476150742,0.014287713443646263,0.014287340617563024
0.012500000501173666,0.012500000091693426,0.01250000049434122,0.012500207978218903,0.012500000087244965,0.012500074927846211,0.012500249751028095,0.5641722936424767,0.33582687984087733,0.012500292685099437
0.0021739131478926894,0.024501658259828536,0.002173913146468942,0.0021745822758681504,0.0021740103906846713,0.0021743263407774886,0.0021741723545618276,0.0021740900754630087,0.0021742748844241514,0.9581050591240304
0.007142858075441611,0.0071429898345629125,0.007142858062724604,0.61716303548084,0.00714285730523559,0.007144765266100452,0.32568587657419606,0.007143970104231807,0.007144297668498609,0.007146491628168285
0.007692307771276511,0.007692307706732139,0.007692307770201406,0.007694842669564189,0.007692307706065385,0.007693310003017784,0.9307590827744909,0.007695559654224101,0.007693892997702659,0.00769408094672493
0.004761905450881319,0.0047619048876112015,0.004761905441488644,0.7961564827742885,0.004761904881819704,0.004762141035734454,0.004762734238158418,0.004762794491961847,0.09222643598900591,0.07828179080905008
0.005000000576950834,0.0050000001052054035,0.005000000569083656,0.11491135332406138,0.06353308135127235,0.005001493354666127,0.005000966868290475,0.23223857347278723,0.005001901766211242,0.5593126286114714
0.00714285755151544,0.007145177073206728,0.007142857545943233,0.00714367480638072,0.007145653653447705,0.34551912841574445,0.5973280126887953,0.007142871347367352,0.00714398882437054,0.007145778093228531
0.005882353203523242,0.005882352989119395,0.005883182258369416,0.9470542973511932,0.005882352986869764,0.005883299714395771,0.00588288319828734,0.005882653489797332,0.005882871630603361,0.005883753177841198
0.002777777910125834,0.002777796132833338,0.002777777908321234,0.34455369653625334,0.0027777890562832907,0.0027780845742493634,0.0027784189728722384,0.002778162949473428,0.6332223220071029,0.002778173952484899
0.00833333353644605,0.008333333370431916,0.00833333353367635,0.00833504298079756,0.008333333368741954,0.008333798663235548,0.3440808645639509,0.5892484919112317,0.008334295057751703,0.008334173013736327
0.01000000050733121,0.010000000092542047,0.010000000500414155,0.010000705268104357,0.01000000008842339,0.01000109791091057,0.2996674616656885,0.01000061215894205,0.6203294415388793,0.010000680268764498
0.004166666902927653,0.004166736255279869,0.004166666899706058,0.004167157238063276,0.0041689654516097715,0.004167815990359523,0.4760095083985009,0.004166848418849965,0.004168443802660596,0.4906511906420423
0.005263158065427472,0.005263177607811566,0.005263158063100151,0.00526440655361534,0.00526440699963102,0.1858499692862381,0.11156058379649623,0.12234776363746952,0.005263671505470933,0.5486597044847398
0.0023809525436740693,0.0023822510702068834,0.002380952541455187,0.8665180590941288,0.0023810036795287775,0.0023814539196432916,0.11443089592108809,0.0023813202955963496,0.0023815846294927214,0.0023815263051857032
0.03333333377976924,0.03333333341477832,0.033333333773681514,0.03333333333702745,0.033333333411095796,0.033333333339793256,0.699991495734462,0.033333333364249075,0.03333910448797812,0.03333606535716522
0.0026315790875194615,0.030513819222590367,0.0026315790856083696,0.9484321638063853,0.0026316693507541667,0.002631846234786904,0.002631963725544102,0.0026317012614149593,0.0026317567865810584,0.002631921438815449
0.0037037041271695977,0.003703703780937495,0.0037037041213952033,0.4532474192017542,0.0037042994791995315,0.0037045184160445117,0.003704178256298461,0.08234289697412124,0.003704786037765771,0.43848078960531395
0.008333333651557145,0.008333765313542026,0.008333333647217757,0.9249900018600761,0.00833492098965067,0.008334460370687052,0.008334152345115389,0.008336582857191611,0.00833410255762896,0.008335346407333452
0.009090909217001746,0.009090909113934932,0.00909090921528231,0.9181783442216949,0.009090909112910626,0.009091660539749379,0.009091384084440062,0.009091361178767254,0.00909101151173155,0.009092601804487257
0.004000000298685626,0.004000419203042517,0.004000000294612664,0.4431956334581404,0.0040011917207333015,0.004001013251908822,0.004001274808018537,0.004001913365016445,0.004001206088480244,0.5247973475113614
0.020000000540376362,0.02000000009875474,0.020000000533028226,0.02000055506838056,0.020000000094091818,0.0200002271167913,0.48963334070337716,0.02000637138111728,0.020009657058762384,0.35034984740532016
0.009090909652656408,0.009101319878606257,0.00909090964499626,0.009091175640376878,0.009090909188715855,0.5132543579023625,0.10201593877275016,0.20976501720835147,0.12040846415191182,0.009090997959272299
0.009090909237344114,0.009090909117652137,0.009090909235349245,0.009091438660945413,0.009090909116462577,0.009091609594894884,0.6861082747601002,0.009091787143580764,0.24116178158138657,0.009091471552284229
0.003333333513876493,0.0033333333662960295,0.0033333335114147057,0.5456250922366034,0.0033333333647987224,0.0033338120110070787,0.38530220560289524,0.045737540276270444,0.0033339118460639825,0.0033341042707737845
0.00625000081314156,0.006250000148343191,0.006250000802054104,0.00625192412180196,0.006252173697248953,0.0062504056755448055,0.6844803810601228,0.006250309886897747,0.26551328566360516,0.006251518131239705
0.001428571534503844,0.0014285745932989058,0.0014285715330593328,0.9871411443159764,0.0014287648717771699,0.0014293390587927495,0.0014286767685643398,0.001428645291004203,0.001428673845713957,0.0014290381873091576
0.02000000015362714,0.0200000000280552,0.02000000015153224,0.020006014213444893,0.02000000002676199,0.020002707068764867,0.8199864093935109,0.02000126619494063,0.020001853612814608,0.02000174915654766
0.0031250001695621835,0.0031250284654555033,0.0031250001672501406,0.0031259512601157797,0.0509864951694183,0.0031257144838951075,0.6612399087659446,0.11464755371894866,0.0031253989670017406,0.154373948832408
0.05000000343235398,0.050000000618278855,0.05000000338485468,0.5499999913758905,0.050000000590002217,0.05000000004892349,0.05000000011068753,0.050000000234059115,0.0500000001605615,0.050000000044388024
0.0038461540012664666,0.09401504414521314,0.003846153999152299,0.0038470937333789975,0.0038463487822495567,0.003846664943844055,0.003847390772833639,0.1252510927088095,0.003847467808279417,0.753806589104973
0.005000000473528897,0.005000000086407676,0.005000000467071722,0.4241128823204556,0.00500000008249074,0.19874950597584143,0.005002213230429201,0.18650559288592677,0.005000582395313269,0.16062922208253474
0.014285715167000161,0.01428571444660354,0.014285715154982698,0.014287056221033765,0.8714196390555238,0.01428669623846026,0.014286924718142724,0.014285714346697386,0.014285714327296573,0.014291110324259101
0.014285717055253496,0.01428926337419301,0.014285717017489164,0.014288960429821283,0.014285714767889954,0.014287652406645106,0.01428778308008702,0.014285774895415949,0.014296449074836345,0.8714069678983687
0.00200000034065417,0.002000026013270064,0.0020000003360089664,0.6819534966871378,0.002000056202509924,0.0020004532215649727,0.0020009574559147814,0.06682383225225404,0.0020006826347427112,0.23722049485594265
0.011111111656000148,0.011111279612594033,0.011111111648571034,0.011112152327057484,0.011111111206021113,0.5025072036708635,0.011113012326296395,0.011112810428267372,0.01111331949307672,0.40859688763125207
0.005263158784952142,0.005263602111725337,0.005263158772812903,0.12409529417714585,0.06668959168097222,0.005264664973986987,0.16238981465209182,0.005265981189252526,0.005263552561494386,0.6152411810955658
0.0037037039275870064,0.0037037037445863943,0.0037037039245340713,0.7544431754266884,0.0037049578279850465,0.003704168775373809,0.003705011076788998,0.04492763997243507,0.003704830777219414,0.17469910454680157
0.003225806786875913,0.003225851515612524,0.0032258067823041714,0.2787649199763601,0.0032261210645360616,0.19399634312347774,0.19811157281296288,0.003226420467055274,0.0032260008104876585,0.30977115666032756
0.003846154035900695,0.0038461931924031133,0.0038461540333133756,0.0038469424614145727,0.00384677006610461,0.1527752255278322,0.0038465757185101386,0.003846204299024375,0.003846816241688262,0.8164529644238085
0.0038461541013536434,0.003847089611148478,0.003846154097873668,0.5328837100394254,0.0038462689375305236,0.4363444202280236,0.003846358409161757,0.003846305056502696,0.0038463598081540126,0.0038471797108263
0.0025641028011672636,0.0025641026073633527,0.0025641027979346866,0.2886481529315852,0.0025641026055196045,0.13378100812748916,0.17598131597100325,0.10461146562438686,0.002564685151530153,0.2841569613820205
0.0047619049079316855,0.004763326652036833,0.004761904905940422,0.00476266512866474,0.057546456859591796,0.004762138150400542,0.4411285016332512,0.08232848658245764,0.004762557576364016,0.3904220576033613
0.004761904900759948,0.004761904787257476,0.0047619048988666686,0.004763628395117722,0.00476211045838635,0.004762784749924008,0.004762566796749233,0.004763396983428515,0.004762157962646683,0.9571376400668633
0.010000000228956547,0.010000000041792578,0.010000000225835923,0.010000458110302531,0.010000000039940643,0.01000235650989109,0.010001629877621624,0.010000248785977394,0.9099948749514677,0.01000043122821405
0.0032258066467623146,0.0032258064872448516,0.0032258066441013043,0.6507881601273463,0.32340165526801623,0.0032269553988532474,0.0032263320511853135,0.0032262605116098538,0.003226373391909179,0.0032268434729714537
0.0017543860780523557,0.0017545796754377362,0.001754386076509834,0.9349041307052379,0.0017544084069643186,0.0017550994486956698,0.0017545830419487267,0.051058857545544796,0.0017548283617016096,0.001754740659907068
0.004545454766030016,0.004545501883336727,0.004545454763022187,0.004546864448038919,0.004546693265237256,0.004545948050539589,0.004548536909098423,0.06083010247387265,0.2921186847066194,0.615226758734205
0.0032258066547557365,0.003225997159332418,0.0032258066519857053,0.003226456075764287,0.03930826153669394,0.19069037374292294,0.40049971579878035,0.038542082155999816,0.0032267180948741436,0.31482878212889065
0.012500000060597498,0.01250000001105693,0.012500000059775002,0.012500960378501276,0.012500000010554322,0.012500168819676966,0.8874935707897512,0.012501831625248584,0.012502629253210851,0.012500838991627383
0.0027777779744274887,0.002777777813658068,0.002777777971745917,0.3792248564675448,0.08843854644880797,0.15780483265201434,0.002778472747868391,0.03781032462725617,0.0027783399601193125,0.32283129333655747
0.00333333379252734,0.0033335952300500063,0.003333333786265719,0.4588183648005132,0.003334530413528602,0.003334572364704288,0.17483877931221192,0.04239271148746301,0.003334617308156787,0.30394616150457915
0.010000000630022283,0.010000000114965454,0.01000000062143112,0.010000665914460218,0.010003775368721053,0.010001522736402308,0.16205149061632143,0.21000121181050568,0.01000136225105221,0.5579399699361182
0.006250000467764017,0.0062501445670689075,0.0062500004613854545,0.006250732876495903,0.006254013307652966,0.34645901032629534,0.00625235365371363,0.006250000032382878,0.006251348724201267,0.6035323955830397
0.002941176678430225,0.06745425852226977,0.002941176675596118,0.002942111601536759,0.03269537259200621,0.10434585247428924,0.002941620157941081,0.07522770593984748,0.0029420496887768905,0.7055686756693063
0.0033333335213326138,0.003333333367640294,0.0033333335187690034,0.5094816260983018,0.003335474891248253,0.0033337659085088053,0.0033340989053881015,0.04277752650568611,0.0033338196226504733,0.42440368766047454
0.0015151516324002179,0.016980955218940157,0.0015151516308013983,0.39713250855431,0.0015153067356114297,0.0015154911368484953,0.0015154508437428091,0.0015152456413501153,0.0015154960958222428,0.575279242510173
0.004347826348024542,0.004347873127014419,0.004347826344464545,0.004348195892670704,0.004348256718665802,0.004348490236820772,0.004348716974636144,0.09130471280331273,0.004349995635068383,0.873908105919322
0.0045454547355760055,0.004546033570902467,0.004545454732984534,0.004546252209628631,0.004546222003553309,0.004545844108517619,0.004546088620561424,0.05410340951606389,0.14607838273461574,0.7679968577675964
0.004347826299721808,0.004347826125775541,0.004347826296820607,0.3988692305075726,0.004347826124011127,0.004348621516954072,0.4547571819200983,0.004347982188149793,0.11593716278561206,0.004348516235284196
0.006666667232407271,0.006667275475430373,0.006666667224693047,0.006668880604328062,0.006666929889138946,0.0066673474015462465,0.006667331241211976,0.006667922568291917,0.006667103260509564,0.9399938751024426
0.005555555895434217,0.00555564278762174,0.005555555890799536,0.09648916200938874,0.005555609136636326,0.005557225284148142,0.005556078851231166,0.11399024314139405,0.0055583204807021554,0.750626606522644
0.0041666670927651955,0.004166963531289911,0.004166667086955228,0.004167721840949204,0.05338786853165683,0.004167128733049932,0.004166938512930779,0.004167168872296354,0.23518409923068748,0.6822587765674192
0.0028571432907234305,0.002857344390610448,0.002857143284810998,0.0028579255229419253,0.06799586249017976,0.3707716576754243,0.0028579549704951064,0.0028571750631868533,0.13750551554553667,0.4065822777660904
0.009090909202856162,0.009090909111334752,0.009090909201332098,0.009092134766151332,0.009090909110401916,0.009091663976727147,0.9181761654890922,0.009091608603777435,0.009092822975725437,0.00909196756260163
0.004761905068435912,0.004761904817953857,0.004761905064255967,0.004762819441557625,0.10000286117746249,0.004763751798524715,0.3172326714680384,0.004762747599068531,0.16428504148039763,0.38990439208430483
0.006666667219065311,0.0066666955302670545,0.006666667211533049,0.00666786563350439,0.006666666762828161,0.006666911347619301,0.18108533514539793,0.08039417816351092,0.006668668760318622,0.6918503442259553
0.005555555707517748,0.005555555583304772,0.005555555705445806,0.005555977430436348,0.0055560663706650274,0.005556132614708998,0.005556603099595278,0.005555563498218556,0.005556841935136995,0.9499961480549706
0.00909090952925739,0.009090909170992395,0.009090909523280654,0.14137776067788663,0.009090909167339768,0.785891654811255,0.009092609708101511,0.009090909121216705,0.009091864560830751,0.009091563729838976
0.004347826776154818,0.004347826212654462,0.0043481175996610754,0.7321196565398402,0.004347826206929432,0.16266633206583958,0.004348170620088251,0.004347940990560673,0.004347929784480915,0.07477837320379055
0.005882353186071997,0.005882352985864815,0.005882353182732883,0.005884240513977794,0.07351202028378041,0.352189466360265,0.005884239472735467,0.08847675041195907,0.005883910402260448,0.45052231320035213
0.0029411765472481624,0.0029411808428922016,0.002941176546202945,0.0029416379274700413,0.0029414775981966798,0.0029413927541050845,0.002941766129748207,0.0029413364403607306,0.0029417172463186174,0.9735271379674573
0.005000000274831369,0.005000360142005628,0.005000000271083851,0.005001210876612307,0.0050020468477930975,0.0050010361556632205,0.9549931513847127,0.0050000667598309465,0.005000389783835439,0.005001737503631623
0.008333333715312417,0.008333333403088145,0.008333333710103644,0.00833520805335008,0.008333867244975474,0.008334761435891432,0.008334491917990156,0.008333886073541553,0.008335255018006436,0.9249925294277407
0.012500000244188018,0.012500000044565028,0.012500000240860632,0.012500753188747025,0.012502748738565399,0.012501043108850604,0.012502749036335763,0.012500405196451575,0.8874918680069032,0.01250043219453274
0.004166666916604395,0.004166666712289345,0.0041666669131966046,0.004167773237308943,0.004168320197088081,0.3339588348509154,0.17977355292386857,0.04627431901480072,0.004167544357649634,0.4149896548762784
0.002777777912000735,0.0027777778022737214,0.0027777779101705404,0.47606809479876294,0.002778486187421566,0.0027784948968808416,0.1988598447280427,0.002778381358350425,0.0027780771919025857,0.3056252872141941
0.006250000737155628,0.00625004323572212,0.00625000072710356,0.47393518782670047,0.006250436139932585,0.0062521470999134824,0.0062517073416349395,0.006250690080929286,0.226775084541364,0.2555347022695439
0.0019230770389467536,0.0019230925057295745,0.0019230770373667772,0.43895616821123595,0.0019230885832731534,0.001923476255239193,0.0019233906230641475,0.07154484174567854,0.0019233725749440553,0.4760364154245219
0.007142857298453424,0.007142857171256753,0.007142857296332817,0.0071463227766798,0.007142857169964004,0.007144006687932154,0.9357046156817316,0.007145636841508293,0.007143652699352308,0.007144336376788724
0.0033333334563659975,0.003333676165043455,0.0033333334546882896,0.25525997844232945,0.0033336567220305794,0.003333874213718867,0.0033339464173089786,0.003334428472192992,0.0033335265410764908,0.7180702461152448
0.03333333350710324,0.03333333336496255,0.033333333504726934,0.03333333333476619,0.03333333336351756,0.033333333335841306,0.0333333333389985,0.033333333345314194,0.6999999995691616,0.03333333333560794
0.00277777799479115,0.002777939540187999,0.0027777779918319585,0.0621973456611347,0.033002768878392985,0.11242530477845888,0.002778249546609982,0.002777901990325546,0.0027782473013534753,0.7757066863169133
0.005555555870416998,0.005555939039545586,0.00555555586612434,0.3393902295689531,0.005555625624165409,0.005555989242026812,0.25035665034482874,0.005555923336967851,0.37136184053292076,0.0055566905740503545
0.006666667222833945,0.00666666676819841,0.006666667215249891,0.006667490925355276,0.006666666763797017,0.5241267715549538,0.006666730015845386,0.0066673774967629254,0.006667328067638328,0.42253763396936506
0.00454545501919873,0.00454550961700517,0.004545455012738618,0.22210490749236278,0.004545600507005732,0.004546057719911234,0.0045480609987839996,0.004545454578215546,0.004548241295608011,0.7415252577591702
0.002857143172724072,0.0028573103197034907,0.002857143168475635,0.0028578518771926534,0.0028572620381212025,0.6235109411084013,0.0028575593322335935,0.002857238167382296,0.047953925113239884,0.3085336257025258
0.020000005635134283,0.02000000102818306,0.02000000555829175,0.4199999826986864,0.020000000981077275,0.4199877153050142,0.0200061122982482,0.020000000389494517,0.020000000265872512,0.02000617583999773
0.0028571430605359013,0.0028571428942836055,0.002857143057762377,0.002857787129291558,0.03621436225865722,0.002858059499520186,0.0028577056097922565,0.002857425036784598,0.0028574808481765584,0.9409257506051958
0.005263158357334726,0.005263375651890712,0.005263158351026801,0.7255910480386377,0.005263529236217743,0.23229581961698986,0.0052639969467884575,0.005265956599196281,0.005265555913509089,0.005264401288408719
0.007142857286118883,0.007142857169009972,0.0071428572841653265,0.0071437327968741325,0.007143035633411197,0.007143825989268731,0.0071439346876340975,0.007143269139985217,0.007144027063101774,0.9357096029504307
0.00476190513578721,0.1351873816049559,0.004761905130689197,0.6673708100025766,0.004761904826991945,0.00476303506862877,0.16410590831164454,0.004762162538696486,0.004762425805386697,0.004762561574642559
0.0025641028192648196,0.002564102610668336,0.002564102815785354,0.38425459409533125,0.002564229564369787,0.15029618166652595,0.0905800573247729,0.0025644494363181716,0.002565088250553162,0.35948309141641016
0.007142857336690976,0.007142857178225273,0.007142857334047804,0.007143613197692352,0.007143522694220535,0.5103297544429716,0.00714405609080398,0.4325232871066642,0.007143301880431584,0.007143892738251828
0.006250000339076363,0.006250000061847198,0.006250000334452893,0.7425970513623696,0.006250461114973734,0.006250503655449998,0.006250999145507535,0.0062504702566740025,0.20739878136465303,0.006251732364995521
0.020000000490135342,0.020000000089508245,0.02000000048345172,0.02000065034295086,0.020000000085347355,0.020000387692169396,0.6043337012636618,0.020002788842762766,0.23565815139209156,0.020004319317921033
0.004545454787218458,0.09545666893194271,0.004545454783922153,0.13716041680450702,0.00454585638540222,0.004546321363160496,0.6750004775974571,0.004546108395078123,0.06510686454988568,0.0045463764014260595
0.005555556360262331,0.005556225221095551,0.005555556349289115,0.005556486940421583,0.09845812185898434,0.005557517472032043,0.4042014701588071,0.005555707210207801,0.005555907220389605,0.4584474512085105
0.00416666692501372,0.004168081101160261,0.004166666921492785,0.7892054742625036,0.0590601044667335,0.004167220095634231,0.004167140886294528,0.12256262609720267,0.004168143756343639,0.00416787548762095
0.004761905002902208,0.00476190480588135,0.0047619049996159,0.00476336321494438,0.004761904803894318,0.004762624858100014,0.35131498639999226,0.15583805016694388,0.004762262233654178,0.4595110935140716
0.004545455008529106,0.004545454630021389,0.004545758213555887,0.6286337665746042,0.004547398142835178,0.004547406117495948,0.17168269727532412,0.0045457179919547045,0.004546563102808691,0.16785978294287074
0.0025000001953304108,0.002500967540255197,0.002500000192666882,0.0025006144837904434,0.029031510547259155,0.09887554254339867,0.04899361968486092,0.002500149006537154,0.002500826203157214,0.808096769602744
0.016666666767375424,0.01666666668506437,0.016666666766005617,0.016666748450097635,0.016666666684214484,0.016667032468948184,0.016667179200571012,0.8499950965233718,0.016670609786360625,0.016666666667990934
0.0016666667796869014,0.0016666715482588322,0.001666666778145726,0.8714197876485118,0.0016670731355718227,0.001666871667270581,0.0016670957536117133,0.01933004322033326,0.09758196970361863,0.0016671537649906203
0.002500000120107692,0.05302607741610553,0.0025000001184698707,0.7905402879875216,0.0025000000209213125,0.11186788518008169,0.002500186303211568,0.029564948513375586,0.0025001310070033632,0.0025004833332019764
0.0035714287663480937,0.003571490346004221,0.00357142876369023,0.5159810526595163,0.0035744215233064858,0.0035719262737510223,0.003573107781341392,0.19572124989803277,0.0035718032203063944,0.26329209076770316
0.011111111718092372,0.011111111221881754,0.011111111709815406,0.011112913650077494,0.011111111216864719,0.011112232485493714,0.32165152836863736,0.1222230905816857,0.011112134520413527,0.4783436545270379
0.0033333336747364472,0.003333333395696829,0.0033333336700811607,0.30269211657813794,0.0033334485627073895,0.35358169487382035,0.0630716288210586,0.0891796788882825,0.0033338713977001605,0.17480756013777862
0.008333333932363912,0.008333333442668737,0.00833333392419536,0.008335921792428815,0.008333333437678428,0.0083345149540239,0.008334834404580053,0.20523945199192423,0.008333391817970992,0.7280885503021656
0.0037037040915687204,0.0037037327147218507,0.0037037040862832166,0.7006686858910585,0.003704091763397891,0.003704122014019582,0.0037044017604118255,0.0037049198783752893,0.044361470972848434,0.22904116682731482
0.007142857597241427,0.007142857225765735,0.007142857591045665,0.9357109795760548,0.007142857222194468,0.007143582098602571,0.007143333802133715,0.00714308300472304,0.007143885990270102,0.007143705891968457
0.0027777779677307882,0.0027781094086707617,0.0027777779651406527,0.25146133426566447,0.002777863816352835,0.0027787334216850005,0.002778852937486248,0.002778053825528303,0.002778691412665659,0.7263128049790752
0.0333333337894396,0.6999920273862715,0.0333333337832304,0.03333371702404704,0.03333333341272157,0.03333333333993514,0.03333520027341817,0.03333333336485724,0.03333905428675647,0.033333333339322854
0.005263158180754802,0.005263157946899983,0.005263158176855324,0.005264160145349676,0.005263157944535918,0.0052650936657591425,0.005263731302204984,0.3852531692163601,0.005263835457238196,0.572637377964042
0.0030303033978186086,0.0030303089821567732,0.0030303033928071456,0.0030314333251241924,0.04851841402517832,0.003030874893890274,0.23414743622623044,0.140981710729398,0.0030306110777434067,0.558168603949653
0.01000000023945008,0.010000000043690217,0.01000000023618487,0.010000785830553036,0.0100000000417493,0.01000298728759486,0.010000372681345097,0.611927135287506,0.010000322007447288,0.30806839634447936
0.00454545475500449,0.004545454583714118,0.00454545475214701,0.4605600677505511,0.004546088234304569,0.5030731652687812,0.004546154828646386,0.004545810718537559,0.004545504348780493,0.004546844759532935
0.002222222350735978,0.0022222222457213624,0.0022222223489835723,0.0022230463765330498,0.027203821721440757,0.002222566665771988,0.0022227242191863116,0.08485735521962472,0.0022224390626905633,0.8723813797893116
0.004761905180510337,0.004761904838384928,0.004761905174802112,0.4286573065749685,0.004762026835024056,0.004762612146962559,0.004762884757521812,0.004762368050594191,0.0047630048742314645,0.5332440815670002
0.014285714600583711,0.8714242088394941,0.014285714596290066,0.014286333579113986,0.014286179483516669,0.014285954795586272,0.014285987895040467,0.014285714307484218,0.014287040899925649,0.014287151002964833
0.007142857793807119,0.007142857261550886,0.007142857784930578,0.007143983915996714,0.007142857256198074,0.19782369696234434,0.007142967135627405,0.21204454914966137,0.007145146386706978,0.5401282263531766
0.005882353528548396,0.005886166707574095,0.005882353520538819,0.0058843924532429315,0.06470810057996537,0.219904749905555,0.005883291586336995,0.005882854508756935,0.005882826030335419,0.6742029111791461
0.020000000238513397,0.020002437681761215,0.02000000023526511,0.02000601007556573,0.2200008129681824,0.02000746960436858,0.02000237713515975,0.02000448929478003,0.6199630028860583,0.02001339988034562
0.002941176710262281,0.0029415165731021754,0.00294117670699443,0.213650134418983,0.0029412280886759335,0.0029413130229258913,0.00294191718649646,0.0029415390879530094,0.2685887683799961,0.49717122982461076
0.011111111377096618,0.0111111111596686,0.011111111373469566,0.01111438757762027,0.011111111157451005,0.011112477215722576,0.7618777622427529,0.011111498697462589,0.011111671589444828,0.14922775760931087
0.0021739131771528375,0.0021739155136993272,0.002173913175330014,0.0021743562114272114,0.0021742421877696256,0.0021741756304380477,0.10267071993498873,0.12930859322098057,0.0021743088164215105,0.7528018621317921
0.0023255816231310244,0.025707748626658058,0.0023255816200249612,0.48806869577068096,0.00232558143502606,0.002326778537022267,0.002325871966694075,0.0023261297151494654,0.002326266841855372,0.46994176386375774
0.007692308303613241,0.007693979850126567,0.0076923082952773045,0.0076933242618980255,0.007692307798797359,0.007694375750730609,0.0076941974541311605,0.5000132486181902,0.007692390293570799,0.43844155937366475
0.016666667320097583,0.25013049850910457,0.016666667311189924,0.01666899855855007,0.18333569659304974,0.016667118182929357,0.0166691163069228,0.016671501804108216,0.44985442545710125,0.016669309956946484
0.003125000348016371,0.003125232422368421,0.003125000343270887,0.5812840579000443,0.06562827838706371,0.0031257526673082524,0.0031254810024137387,0.1379479041334348,0.0031254575342732505,0.19638783526180625
0.00416666702113943,0.0041678201977275835,0.004166667016305739,0.8225958165694656,0.004166798843797002,0.14406689099071754,0.00416763934513106,0.004167070537879831,0.004167072845961502,0.004167556631874755
0.003846153938256731,0.003846169491906791,0.0038461539370009136,0.003846571148799516,0.048442408857422486,0.7313873595475384,0.0038469089045732353,0.003846170416358088,0.0038467307228093853,0.19324537303533454
0.0027027028916495324,0.002702702737189225,0.0027027028890730005,0.9756718542611288,0.0027028302651657976,0.0027037274406324814,0.002703155562749618,0.002703448899288242,0.002703227740526648,0.002703647312596686
0.016666666812920724,0.01666666669337515,0.016666666810928873,0.01666698725822388,0.016666666692333392,0.016667790423704087,0.01667029085723231,0.016667441396042967,0.8499937543077402,0.016667068747498428
0.002702702844748891,0.002702707772054693,0.0027027028428119673,0.2239751969753653,0.002702766998328304,0.002703146598948936,0.05126369407097194,0.03868208965630512,0.002702979815497904,0.669862012424967
0.00416666690334033,0.004166703152874284,0.004166666900112982,0.7403174258457724,0.22634582373339227,0.004167363322051766,0.004167112935794228,0.004166955203056943,0.004167246395761063,0.004168035607843739
0.002777778007939905,0.0027777778197625286,0.0027777780048014685,0.37132416198051793,0.07617356405082801,0.0027784733758760374,0.14572390353335837,0.002778900960561151,0.0027780847982463563,0.3901095774681082
0.0034482760874564268,0.0034482759031907685,0.003448276084383399,0.0034493855496327847,0.08819771803691721,0.8458768281119019,0.0034493598261153744,0.041783264475765844,0.0034493862089674536,0.003449229715668727
0.0029411766356871906,0.0029411765007639856,0.0029411766334360356,0.3827900352892549,0.045062724362454225,0.0029417489761881157,0.5146607706941846,0.03983774460732343,0.0029413831860056593,0.002942063114701743
0.009090910543658563,0.009090909355796777,0.009090910523848417,0.00909322888926225,0.12191771071311965,0.5731236010426337,0.00909156961688639,0.24131844194283736,0.009090946171025651,0.00909177120093128
0.005263158538863289,0.00526317727372046,0.005263158530079795,0.005264584120056585,0.00526360458780128,0.2774312623037474,0.005263412525038845,0.15580042878483588,0.08771231798030872,0.44747489535554774
0.016666668167502258,0.016666666940613053,0.016666668147039865,0.22492384128718665,0.016666666928333324,0.016666873736189913,0.016672525588229518,0.016667728906685653,0.6417339291485458,0.016668431149674198
0.008333333653537929,0.008333333391738503,0.008333333649173776,0.2863361638537821,0.008333333389145676,0.008334733027665579,0.4943984772688432,0.008334139332020853,0.1609290515270552,0.00833410090703717
0.033333333488163815,0.033333333361508205,0.03333333348604716,0.03333333333461009,0.6999999996357466,0.03333333333556684,0.03333333333838163,0.03333333334401441,0.033333333340598875,0.03333333333536256
0.008333333945489947,0.008333412131097184,0.008333333937143047,0.00833465108909878,0.09166896720806679,0.7189379971303013,0.13105339329833277,0.00833369586372155,0.008336911156005718,0.008334304240742982
0.004166666800314798,0.004166676689210681,0.004166666798492335,0.0041674096509028416,0.06589129493125624,0.14311821364833124,0.004167634204857244,0.22043636681142273,0.004167415727332744,0.5455516547378791
0.005263158167883769,0.0052631947060835125,0.00526315816415932,0.0052641983093778474,0.005263626134608398,0.5851720591147078,0.005264225967126441,0.11850073313393475,0.005263669255606548,0.25948197704651166
0.012500000086283039,0.01250000001575355,0.012500000085106459,0.01250508955131596,0.13750022893004873,0.29621839777058273,0.012503836265364266,0.47876719690662206,0.012501570533904641,0.012503679855018537
0.011111111945283279,0.011111111263585438,0.01111111193390827,0.011112039020069658,0.011112782406121149,0.011119540499853376,0.011112495365776564,0.011111145801545527,0.011111420179017591,0.8999872415848391
0.007692308058911042,0.007692307759297403,0.007692308053912726,0.0076946892380817455,0.3245517756808908,0.007693141485885003,0.007694063605212286,0.007692332078171071,0.007692956865114096,0.6139041171745239
0.004166667076573411,0.004166666741490804,0.004166667070983933,0.17216190654400218,0.004166666738065732,0.004168390470887904,0.37993230860080524,0.004167733525963688,0.004167113332897117,0.4187358798983299
0.007692308101857017,0.007692307767127029,0.007692308096272799,0.007693384155989126,0.007692758019130453,0.007694234920331006,0.007693566647738985,0.007693049597376471,0.007693931521054366,0.9307621511731227
0.004545454736586134,0.004545477333240136,0.0045454547339802195,0.004547475054453086,0.0045456387541181345,0.5725147436360346,0.004546932046570568,0.1754980521776043,0.004545877245631707,0.22016489428178113
0.007142857212940477,0.007142894413048188,0.0071428572119848,0.0071440258526528225,0.007144255146078626,0.24557782374817883,0.007143536250689101,0.007143702985640922,0.007143753800381749,0.6972742933784044
0.005882353418660661,0.005882638964268297,0.005882353412150283,0.005882909220305171,0.20206361130518158,0.08918883536288928,0.4675792706718435,0.005883511415034378,0.20587012908518096,0.005884387144485942
0.003703703852055828,0.0037038290356342972,0.0037037038500339686,0.45268385132782574,0.003703780660528304,0.0037040381927384122,0.5176835043220971,0.0037040857726838555,0.0037049236106737648,0.00370457937572878
0.014285714517777342,0.014287166416747567,0.014285714514620245,0.014287228844041074,0.01428571432613336,0.36815468642053334,0.014287053711342344,0.014286690274004551,0.5175534485794129,0.014286582395387293
0.025000000071274744,0.02500000001300307,0.025000000070302824,0.025001043997967792,0.7749956522624042,0.0250013653466793,0.025000867322149293,0.025000000004929926,0.02500000000335546,0.02500107090793349
0.016666668022368478,0.13711121448390623,0.01666666800388173,0.016666666677883853,0.01666666690270128,0.5505634151782506,0.19565148006716912,0.01666841155286277,0.01667214242650295,0.016666666684472982
0.00909090933187255,0.009090909134887165,0.009090909328586704,0.009091697823683579,0.10000084861424531,0.5234655341911009,0.009092422716186769,0.31289202714228515,0.009092675360016175,0.009092066357135673
0.0071428574498186605,0.007142857198860749,0.007142857445633364,0.19592954322419606,0.007143345148660884,0.5638973203695329,0.007144234672044127,0.19016985814688273,0.007143117987120969,0.007144008357249512
0.0018518521247025872,0.0018518598153445167,0.001851852120981914,0.1590388703956877,0.0018518631176304983,0.0018527761791627528,0.001852111654596173,0.0018519178619137678,0.22569358052284663,0.6023033162071335
0.020000000043662088,0.020000000007965712,0.0200000000430667,0.02000060478749678,0.8199974815923253,0.020000790713123513,0.02000050244703601,0.02000000000302002,0.020000000002055478,0.020000620360248446
