0,1,2,3,4,5,6,7,8,9,10,11,12,13,14,15,16,17,18,19,Classification
0.0001945525292646695,0.00019455252918357146,0.00019455252918357136,0.00019455253581376832,0.0001945525336568906,0.00019455252918357144,0.00019455253056830938,0.00019455252918357133,0.00019455253153175214,0.0001945525291835714,0.00019455252918357138,0.00019455252918357133,0.00019455253423036908,0.0001945525574912148,0.012481285006599034,0.9840167693987474,0.00019455253307070988,0.00019455253002972285,0.00019455253108181857,0.0001945525436293185,0
0.0004901960795784929,0.0004901960784323929,0.0004901960784323928,0.0004901960823859494,0.0004901960944913214,0.0004901960784323929,0.0004901960784323927,0.0004901960784323927,0.0004901960825504776,0.0004901960784323929,0.0004901960784323928,0.0004901960784323927,0.0004901960836057003,0.04574397160313549,0.016333112900067077,0.7023076712988576,0.20559445039058552,0.0004901960799288292,0.022667852590179803,0.0004901960871745828,0
0.0002439024391096533,0.00024390243902495747,0.00024390243902495736,0.00024390244116546795,0.03751241319045325,0.00024390243902495744,0.0002439024398993952,0.0002439024406260341,0.00024390243902495736,0.00024390243902495744,0.00024390243902495736,0.00024390244401535725,0.0002439024420665839,0.00024390243902495734,0.00024390244293484386,0.9105676596710351,0.047773585646837896,0.00024390244375888012,0.0002439024405669765,0.00024390244435564692,0
0.0002450980440247888,0.0002450980392163565,0.0002450980392163564,0.00024509804692933614,0.00024509804429251374,0.00024509803921635647,0.0002450980392163564,0.0002450980485321112,0.0002450980410123991,0.00024509803921635647,0.0002450980392163564,0.00024509803941577757,0.09068481728485996,0.00024509803921635636,0.005595961631916794,0.7872279889962435,0.02708576400656057,0.00024509804451555245,0.08572899745343222,0.00024509804375028683,0
0.00016339869354478308,0.0001633986928108728,0.00016339869281087275,0.00016339869367924903,0.00016339869733780201,0.00016339869281087278,0.00016339869315894212,0.00016339870874002886,0.000163398694031332,0.00016339869412499908,0.00016339869433585545,0.00016339869444612258,0.00016339869517282006,0.00016339870192179885,0.00016339869766280276,0.83254054238521,0.00016339869557939067,0.0001633986935309185,0.00016339869389185048,0.16451828109519856,0
0.00017241379416302617,0.00017241379310380141,0.0001724137957909659,0.00017241379438287632,0.13358205827791927,0.0001724137931038014,0.0001724137932016883,0.00017241379368614792,0.00017241379315994704,0.0001724137931038014,0.00017241379310380136,0.00017241379499263116,0.00017241379562629714,0.0577755020377371,0.007128564923784208,0.7199338652058604,0.028604953681538266,0.02150762064457346,0.02922605590526076,0.0001724137959077602,0
0.00020920502129958326,0.00020920502092104662,0.0002092050210068874,0.0002092050232569268,0.00020920502625200178,0.0002092050209210466,0.0002092050214739697,0.00020920503086402427,0.00020920502092104654,0.0002092050209210466,0.00020920502185848522,0.00020920502323442118,0.00020920502483691439,0.00020920502270024637,0.00020920502834934825,0.9012717922391071,0.00020920502452457254,0.00020920502168317472,0.0949625173400438,0.0002092050258242162,0
0.00015974441524683255,0.0001597444089464681,0.0001597444094348187,0.00015974441095301068,0.07445784244791152,0.00015974440894646807,0.0001597444091602514,0.0001597444090913754,0.00015974440953335728,0.00015974440894646807,0.00015974440974024604,0.00015974441051772804,0.0001597444120710792,0.00015974441048121385,0.00015974441016079977,0.9226667581623728,0.0001597444121696797,0.00015974441016377655,0.00015974440976136996,0.00015974441439064644,0
0.00016447368515015902,0.0001644736842108992,0.019986178870780687,0.00016447368620403565,0.05574644704442483,0.0001644736842108992,0.00016447368427998835,0.005207964999427064,0.00016447368466144223,0.0001644736842108992,0.00016447368621644353,0.0001644736845733753,0.00016447368813257894,0.0001644736851821745,0.00016447369346772503,0.7969004909918421,0.00016447369092400296,0.000164473684328901,0.07016044356836397,0.04969584291940746,0
0.00014450867474600362,0.00014450867052072066,0.000144508670603922,0.00014450867409391936,0.03808301435126696,0.00014450867052072063,0.0001445086725293947,0.0033578674285314213,0.00014450867052072058,0.00014450867052072063,0.0001445086705207206,0.0001445086706022477,0.022526366303378006,0.00014450867103799894,0.0001445086718613601,0.8580816016791414,0.0001445086742222574,0.0001445086760369591,0.00014450867297333475,0.07578352015637115,0
0.007248462378205748,0.00022321428571510867,0.00022321428662227047,0.0002232142865592604,0.00022321434243132018,0.00022321428571510864,0.0002232142857151085,0.00022321428600707093,0.00022321428571510854,0.00022321428571510864,0.0002232142913842499,0.0002232142891892715,0.00022321428934364687,0.00022321429915734924,0.00022321428996641897,0.9887336803731435,0.00022321428852283923,0.0002232142919372834,0.00022321428769473938,0.0002232142912595017,0
0.00023255814572233416,0.00023255813953527535,0.01922389740692372,0.000232558141564799,0.19835519328490825,0.0002325581431723503,0.0002325581409287084,0.00023255814177009195,0.00023255813953527532,0.00023255813953527535,0.00023255814003430303,0.00023255813962928747,0.00023255814544703626,0.0002325581438259451,0.003676129442972032,0.4814275641895699,0.00023255814491615615,0.025268764403601793,0.2687926372844089,0.00023255814199879408,0
0.00013888889928638916,0.00013888888888931381,0.0001388889068332195,0.00013888888997546733,0.07487904224854713,0.0001388888888893138,0.000138888892265371,0.00013888888898895736,0.00013888889267077458,0.0001388888888893138,0.00013888888888931373,0.0001388888916803423,0.0001388888908532063,0.0001388888896224566,0.00013888889091484408,0.8954803637321257,0.00013888889089043642,0.00013888888947011121,0.027279482857954493,0.00013888889236377558,0
0.0002450980399202654,0.0002450980392164493,0.00024509803921644917,0.0002450980411599789,0.07885561971534567,0.0002450980392164492,0.00024509803949355113,0.00024509804343269084,0.00024509803921644917,0.0002450980418576295,0.00024509803921644917,0.0002450980431321308,0.00024509804966869474,0.0002450980392164491,0.030787507897294175,0.8861902056679171,0.00024509804444311425,0.000245098049344964,0.0002450980450953188,0.00024509804659592614,0
0.00017543859798523317,0.00017543859649188226,0.00017543859850271463,0.00017543859908018388,0.19360088472505424,0.00017543859649188224,0.00017543859864470053,0.00017543860244739369,0.0001754385975173715,0.00017543859649188224,0.00017543859811301242,0.00017543859695589383,0.0001754385991038762,0.038624031920146636,0.010816397331372025,0.7127362644870994,0.00017543860185397547,0.02365190888049887,0.018114372276420224,0.000175438599728426,0
0.0002008032153013908,0.00020080321285195714,0.00020080321285195706,0.00020080321627069132,0.00020080322619133129,0.0002008032128519571,0.00020080321285195706,0.00020080321352963337,0.00020080321657849184,0.0002008032128519571,0.00020080321285195708,0.00020080321493413288,0.00020080321609644772,0.0002008032138710307,0.00020080321443877646,0.8501819860475858,0.00020080322041934998,0.00020080321407559142,0.00020080321500456176,0.14620355607859103,0
0.00018115942162675694,0.00018115942029031114,0.00018115942435101498,0.0001811594216236711,0.008989181356038493,0.00018115942029031112,0.00018115942071480332,0.00018115942029052462,0.00018115942488257803,0.00018115942454289147,0.0001811594211904494,0.00018115942433609967,0.005973874032699763,0.058475991066596955,0.00018115942105278762,0.8981544398645798,0.00018115942403768378,0.00018115942059565156,0.025689122347542722,0.00018115942271697955,0
0.0002906976828280405,0.00029069767441951673,0.0002906976744195166,0.03169788497622658,0.00029069768729119084,0.0002906976744195167,0.000290697674580799,0.0002906976750404184,0.007878198780120154,0.0002906976744195167,0.000290697675275823,0.00029069767478645796,0.00029069768221121745,0.00029069768062085517,0.00029069767574205636,0.9554820557166928,0.0002906976790922315,0.0002906976754569908,0.0002906976835921873,0.0002906976827642073,0
0.00016666666770756062,0.00016666666666693703,0.004082243889995759,0.00016666667125648856,0.00016666667026307857,0.00016666666666693703,0.00016666666745475116,0.00016666666792221064,0.000166666666666937,0.00016666666666693703,0.000166666666666937,0.00016666666824187155,0.0001666666705755883,0.00016666666668250843,0.0001666666686783714,0.8359911470191792,0.00016666667134223085,0.15121843860563877,0.006041503792872978,0.00016666666885387988,0
0.0001572327123746507,0.00015723270440312265,0.00015723270575374834,0.0001572327062534352,0.23345941065370357,0.0001572327044031226,0.00015723270520370244,0.00015723270460568368,0.00015723270528791264,0.00015723270746005006,0.01581274144769923,0.0001572327050890874,0.00015723270899282204,0.00015723270874483107,0.00015723270560105292,0.694163642005026,0.054048482588322115,0.00015723270517934264,0.00015723270770553362,0.00015723270819093495,0
0.009420709690564766,0.00020491803278749693,0.0002049180327874968,0.00020491803465326274,0.00020491803887137398,0.00020491803278749687,0.00020491803341960433,0.00020491803309288467,0.0002049180336736443,0.00020491803557849887,0.00020491803326780353,0.00020491803321247374,0.00873997542949623,0.00967621881926688,0.00020491804337396388,0.927638207716753,0.03612330550201227,0.005532730352799474,0.000204918034700081,0.00020491803690134212,0
0.00018796992557284538,0.00018796992481231412,0.00018796992481231407,0.00018796992641109144,0.033863428025883886,0.0001879699248123141,0.0001879699261629866,0.00018796992626944696,0.000187969925879836,0.0001879699248123141,0.000187969925096382,0.00018796992481231407,0.00018796992855485666,0.00018796992864743457,0.00018796992548201987,0.9627531133007035,0.00018796992856167825,0.00018796992634606216,0.00018796992701866402,0.00018796992934783514,0
0.00012886598512833685,0.0001288659793817877,0.0001288659794833369,0.00012886598117771469,0.07412692362039223,0.00012886597938178767,0.0001288659796629097,0.0001288659794698104,0.00012886597963654756,0.00012886597938178767,0.00012886597955145788,0.016524441732628875,0.004261684403398326,0.004011715116369913,0.0001288659844908303,0.8833263534493953,0.00012886598223370798,0.00012886597943743676,0.00012886598001072937,0.015944757949387062,0
0.00017006802741510998,0.0001700680272118062,0.00017006803089213593,0.00017006803073677925,0.10179185447350672,0.00017006802721180616,0.00017006802737014673,0.00017006803307562581,0.00017006802721180605,0.00017006802721180613,0.00017006802721180608,0.00017006803136889685,0.0394825032118062,0.00017006802895240118,0.00017006802866355994,0.8558344858193697,0.00017006803079599067,0.0001700680302784394,0.00017006802836317352,0.00017006803134596068,0
0.00022522522542925934,0.00022522522522592397,0.0002252252252259239,0.015153693408162855,0.00022522523038978696,0.00022522522522592394,0.00022522522522592383,0.00022522522928622977,0.0002252252252259239,0.00022522522522592394,0.00022522523027535742,0.00022522522585883132,0.00022522523073976054,0.010073788243926756,0.00022522522630283553,0.9709436894863287,0.00022522522993192738,0.000225225225537011,0.0002252252271115365,0.00022522522936369266,0
0.00022026431840278026,0.00022026431718127722,0.0002202643185798989,0.00022026431959182557,0.08825226009077432,0.0002202643171812772,0.00022026431728612472,0.00022026431718127708,0.00022026431813834622,0.00022026431731828812,0.00022026432032339768,0.00022026432088599675,0.01107238351876416,0.020984331435912957,0.00022026432019201127,0.833236100908541,0.00022026432145758756,0.024843204989649127,0.018528018589432003,0.0002202643232062337,0
0.004716575432858153,9.596928982754582e-05,9.596929182480543e-05,9.596929082113543e-05,0.07767288269812149,9.596928982754581e-05,9.596928985451981e-05,9.596929034117362e-05,9.596929014542684e-05,9.596929016756008e-05,9.596929130616107e-05,9.596928989139625e-05,9.59692916226283e-05,0.00617856932016481,0.019522128956926038,0.82489158048387,9.596929162842497e-05,0.01139379753440456,9.596929056095117e-05,0.054376864795835776,0
0.00024038461874360565,0.00024038461538516915,0.00024038461556911484,0.00024038461853439995,0.10802717786022913,0.00024038461538516913,0.00024038461995594317,0.0002403846292951328,0.00024038461549919174,0.00024038461538516913,0.13567402027106995,0.0002403846156605595,0.054462852433804235,0.0002403846172904762,0.00024038462098733792,0.6766477081411626,0.00024038461981171566,0.0002403846174534487,0.00024038461784671268,0.021582472020930714,0
0.0004000000105070092,0.0004000000000016591,0.00040000000875509503,0.0004000000019622801,0.00040000001244106046,0.00040000000000165907,0.0004000000003278104,0.0004000000000016588,0.0004000000000016589,0.00040000000191166366,0.0004000000000016589,0.00040000000000165885,0.00040000000274469197,0.0212705837863665,0.00040000000064313997,0.8959124647654851,0.061540518954766275,0.0004000000000016588,0.014876432451566479,0.0004000000025112344,0
0.040649022581772415,0.0002500000000006654,0.00025000000000066527,0.0002500000025362662,0.0002500000070194388,0.0002500000000006654,0.0002500000001233372,0.00025000000132296713,0.00025000000000066527,0.0002500000000006654,0.0002500000000006653,0.00025000000501758173,0.026342966619936195,0.00025000000000066527,0.0002500000005941663,0.9287580107608651,0.0002500000101280332,0.00025000000053430297,0.00025000000185060187,0.00025000000829501957,0
0.00014326648275906172,0.00014326647564518128,0.00014326647606539204,0.0001432664774807448,0.00014326647930668597,0.00014326647637581756,0.0001432664756451812,0.00014326649000879894,0.0001432664759662178,0.00014326647564518125,0.00014326647803632612,0.00014326647678591174,0.03178423209917577,0.0001432664782341058,0.000143266477583363,0.9518524412756132,0.00014326647968772733,0.013927796491104271,0.0001432664801067969,0.00014326647877413104,0
9.523809740451261e-05,9.523809523835473e-05,9.523809527120072e-05,0.002479726623733322,0.23819418124918515,9.523809523835472e-05,0.003217998895096441,9.523809544281337e-05,9.523809535679532e-05,9.523809587409943e-05,9.523809541693747e-05,0.006929048064240294,9.523809700607608e-05,9.523809794213654e-05,9.523809845285294e-05,0.7255815402678746,0.018439937560119975,9.523809673258684e-05,0.003919472087737152,9.523809663635953e-05,0
0.011579094402975705,0.0001953125000006866,0.00019531250273008413,0.00019531250142896834,0.0001953125064263123,0.00019531250000068658,0.00019531251192140628,0.00019531250490917188,0.00019531252048334165,0.0001953125020510767,0.00019531250000068653,0.00019531250072848865,0.00019531250398670537,0.018063981306884382,0.00019531250666996881,0.9334807501536485,0.0001953125035574525,0.00019531250976293955,0.0001953125038165481,0.033751174058016954,0
0.025239078685478172,0.00021551724138028078,0.00021551724138028062,0.0002155172458938367,0.00021551724797028968,0.00021551724138028073,0.0002155172421559424,0.008334434921045278,0.011364631778615889,0.0046690124622454756,0.0002155172426770079,0.00021551724207493654,0.0002155172454058156,0.00021551724320645227,0.011479678675962416,0.9358959220544201,0.00021551724485774658,0.00021551725596690197,0.0002155172430588674,0.0002155172448240796,0
0.012374709675636475,0.0002118644067803155,0.00021186440728100073,0.02007617426508576,0.00021186441228916256,0.004449152610326811,0.00021186441118685765,0.0002118644072143843,0.00021186440812393135,0.0002118644072870718,0.00021186440848383736,0.00021186441327167475,0.0002118644098538097,0.00021186441284555763,0.00021186440974635949,0.9451854484509611,0.0002118644115340745,0.00021186441054330094,0.0002118644087422872,0.014736548852806173,0
0.0003759398518793422,0.00037593984962462824,0.00037593984962462813,0.0003759398540946716,0.0003759398595295889,0.0003759398496246282,0.0003759398501881668,0.0003759398518427801,0.0003759398544384943,0.0003759398496246282,0.0003759398496246282,0.008201296176598987,0.0003759398537281103,0.00037593984962462813,0.0003759398531640671,0.932500136683898,0.00037593985801909246,0.00037593984962462813,0.0003759398497800647,0.05290758965546644,0
0.0002109704701376504,0.00021097046413554488,0.00021097046513773312,0.00021097046753585486,0.04623018095421205,0.00021097046413554482,0.00021097046488388182,0.1791293560813322,0.00021097046969485147,0.00021097046614601322,0.00021097046461249365,0.000210970474471365,0.00021097046693903761,0.00021097046413554474,0.00021097047353044535,0.7230311130867362,0.00021097046894533224,0.014836508547521809,0.03360828431511043,0.00021097047064597322,0
0.0001845018466932506,0.00018450184501904335,0.00018450184619079755,0.00018450184625836333,0.00018450185843582183,0.00018450184501904332,0.00018450184547791384,0.00018450184644053122,0.00018450184516116282,0.00018450184501904332,0.00018450184774194321,0.00018450185531169,0.00018450184778383977,0.00018450184540200865,0.00018450185505237664,0.8652953750894766,0.00018450184994139412,0.00018450184721559773,0.13138359164329966,0.00018450184905977808,0
0.00019379845033326597,0.0001937984496128826,0.026060846589331766,0.0001937984516565754,0.00019379845352312697,0.00019379844961288256,0.0001937984501619364,0.00019379845026650284,0.0001937984496128825,0.00019379844961288256,0.00019379845011651615,0.0001937984499276273,0.030262194558276532,0.0001937984500952347,0.00019379845030055787,0.8898550755429107,0.015620308339968726,0.035294598197550923,0.0001937984651356941,0.00019379845199283348,0
0.0004237288150730707,0.0004237288135602504,0.0004237288135602503,0.0004237288202168888,0.0004237288373779797,0.00042372881356025037,0.02024460599053126,0.000423728814867939,0.0004237288135602503,0.00042372881356025037,0.0004237288387254701,0.045309654796735384,0.00042372881979617355,0.00042372885028537364,0.000423728819841032,0.9272423492557869,0.00042372882263529843,0.0004237288139147357,0.00042372881972682175,0.0004237288166844352,0
0.00021008403502428905,0.00021008403361404376,0.00021008403598268027,0.00021008403434270132,0.22935318282382186,0.0002100840336140437,0.0002100840364812487,0.00021008403399992592,0.0002100840337243306,0.00021008403381864624,0.00021008403518246044,0.00021008404343455275,0.00021008403823101842,0.00021008403361404363,0.00021008403571627564,0.7668653045362958,0.00021008403751470264,0.00021008403411431234,0.00021008403554086938,0.00021008403593217906,0
0.00022935779944748387,0.00022935779816566913,0.00022935779816566902,0.00022935779902254026,0.014265918818786218,0.0002293577981656691,0.00022935779855847452,0.000229357799253664,0.00022935779932027077,0.014384991190033478,0.0002293577997120576,0.00022935779830766037,0.00022935780182047663,0.00022935779941286516,0.00022935779987007146,0.9674500074002244,0.00022935780135931484,0.00022935779918182775,0.00022935779886382117,0.00022935780232849893,0
0.0004545454589344902,0.00045454545454675125,0.00045454547325142844,0.00045454545791423425,0.00045454546134050957,0.00045454545454675114,0.0004545454549459338,0.0004545454577451855,0.00045454546250960477,0.00045454546122546986,0.036393618053129795,0.0004545454768056668,0.0004545454643589722,0.0004545454545467509,0.01033515142017818,0.9455439576240381,0.00045454546319108384,0.0004545455256714073,0.0004545454593641194,0.00045454546175568663,0
0.00024390245184466723,0.00024390243902507852,0.00024390243952036885,0.00024390245016245248,0.00024390244349319326,0.00024390243902507847,0.00024390244390344023,0.00024390244030872798,0.00024390243902507844,0.00024390243902507847,0.00024390243902507844,0.00024390244161271625,0.00024390244322773468,0.00024390244040431384,0.012229964521954954,0.9603473646259101,0.008685221031941682,0.01483501074295031,0.00024390243944452878,0.00024390244819544037,0
0.02179544686338659,0.00019841269841305192,0.00019841269883880673,0.00019841270122733772,0.0001984127018947122,0.00019841269841305192,0.00019841269845646112,0.00019841269993912836,0.00019841269927042585,0.00019841269841305192,0.0001984126984130519,0.0001984126987482814,0.0001984127017390155,0.00019841269841305186,0.00019841270005158525,0.9746331245410834,0.0001984127014040186,0.00019841270076226825,0.0001984126990733986,0.00019841270205932024,0
0.00014124294067308156,0.00014124293785351742,0.00014124293785351737,0.00014124294116286783,0.03122277315421563,0.00014124293785351742,0.00014124293863919927,0.006839239789669983,0.00014124293866909796,0.0001412429378535174,0.0001412429380492529,0.0001412429391706024,0.00014124294202633015,0.00014124294353153467,0.00014124293968870166,0.9595368570846825,0.00014124294193748073,0.0001412429383115187,0.00014124293891306004,0.00014124293924517876,0
0.00017182130759585645,0.0001718213058424333,0.00017182130940404552,0.006296230472351512,0.1219390253472079,0.007044673677875401,0.00017182130622783176,0.00017182130637383093,0.00017182130584243323,0.000171821306930299,0.00017182131960973666,0.0038355202037936285,0.00017182131085232105,0.00017182130774109244,0.00017182131541130955,0.8272090042031527,0.00017182130874653534,0.00017182131159808732,0.03127004776566936,0.00017182130777364688,0
0.0002793296110360751,0.0002793296089393593,0.0002793296094813497,0.0002793296148516087,0.0002793296165487039,0.00027932960893935926,0.00027932960893935915,0.00027932960913089187,0.00027932960893935915,0.0002793296098003017,0.016530062330914953,0.0002793296115435799,0.00027932961194891524,0.0002793296089393591,0.0002793296109566679,0.9676428023805667,0.00027932961356485206,0.011078531888031453,0.00027932961946268236,0.00027932961746449905,0
0.013595971817756073,0.0038077026617142165,0.027096042721597408,0.00019011406967979868,0.06686589839947918,0.0001901140686920018,0.000190114068627272,0.0001901140684416557,0.00019011407042262768,0.0001901140684416558,0.00019011406844165573,0.0001901140760909774,0.046578801945796014,0.02666516518312702,0.00019011407003519988,0.8050883264759112,0.00019011407220467018,0.00019011406850816072,0.0001901140689165394,0.008020721956116496,0
0.00022935782241652143,0.00022935779985857618,0.0002293577995726499,0.000229357800537365,0.06869483621741267,0.00022935779816571705,0.0002293577983723768,0.017506188594219256,0.00022935780078148422,0.00022935779816571705,0.00022935779856746226,0.00022935779825663096,0.0002293578039873979,0.005407206127253239,0.0002293577995822924,0.8797095035384036,0.025241898501459876,0.0002293577999679991,0.00022935780242662828,0.00022935780059254557,0
0.00023364486216484633,0.00023364485981369472,0.0002336448633487296,0.00023364486265769303,0.06821333099795315,0.0002336448598136947,0.0002336448599476644,0.00023364486260600518,0.00023364486410920157,0.0002336448598136947,0.00023364486054065255,0.0002336448604224286,0.035572710601491614,0.00023364486200825308,0.0002336448635050787,0.7533906650473022,0.00023364486421937383,0.13298934070826407,0.006329279716837999,0.000233644863179991,0
0.09527034537673232,0.00030303030303103357,0.00030303030317290576,0.00030303030534336315,0.0003030303108717246,0.0003030303030310335,0.00030303030490287506,0.00030303030390008265,0.00030303030665696277,0.00030303030830514154,0.0003030303119506421,0.00030303030303103346,0.024755890641485895,0.00030303030900585934,0.00030303030759302194,0.8748222487712222,0.000303030308181786,0.0003030303048828771,0.0003030303040508058,0.00030303031264828506,0
0.00010989011404493068,0.00010989010989047013,0.02391481027649548,0.00010989011118206966,0.00010989011453044483,0.0001098901108974529,0.00010989011002815405,0.00010989011173899586,0.00010989011095985229,0.00010989010989047012,0.00010989011646990241,0.00010989011068959755,0.0001098901117308709,0.00010989011033271805,0.00010989011202179602,0.9648086135456716,0.00010989011182061362,0.00010989011164703625,0.00010989011306242126,0.009408444276895078,0
0.004143561368752929,0.00015479876161051027,0.0001547987618743526,0.00015479876319517014,0.1080753917195649,0.00015479876161051024,0.00015479876326349455,0.00015479876248690268,0.0001547987636771121,0.00015479876161051024,0.00015479876337517502,0.0068952654520833085,0.0001547987650530016,0.0001547987641128258,0.00015479876432825045,0.8745505572218605,0.00015479876625495778,0.0001547987715711313,0.004013242775749613,0.00015479876796464328,0
0.00028409090926917566,0.0002840909090918538,0.00028409090909185363,0.00028409091161982024,0.0921792692550842,0.00028409090909185374,0.025530047731652804,0.0002840909214217371,0.00028409091033478604,0.00028409090909185374,0.0002840909112150376,0.00028409091189523833,0.0002840909136752088,0.0002840909122131731,0.00028409092696197254,0.8774611374918508,0.0002840909165602327,0.000284090912620862,0.0002840909119093779,0.0002840909153482038,0
0.0002659574621357259,0.00026595744680916886,0.00026595744680916875,0.0002659574492511209,0.000265957454866007,0.0002659574468091688,0.00026595744694063206,0.00026595745248002436,0.00026595744680916875,0.00026595744977277023,0.0002659574468091688,0.00026595744722186603,0.00026595745156833274,0.0002659574500210704,0.014377216660874867,0.9808355492391343,0.00026595745075912283,0.0002659574474923429,0.0002659574486544071,0.00026595745478148064,0
0.0006410256410276099,0.0006410256410276103,0.00064102564102761,0.0006410256469328528,0.21045706385446616,0.0006410256410276103,0.039918454410182345,0.0006410256472986695,0.00064102564102761,0.0006410256410276103,0.00064102564102761,0.000641025647038043,0.0006410256462457866,0.0006410256410276098,0.0006410256430155823,0.6817266872136712,0.0006410256704432848,0.0006410256431697459,0.0006410256494036215,0.057641384199911515,0
0.0005208333379582991,0.0005208333333341903,0.0005208333344701589,0.0005208333373064989,0.000520833345125801,0.0005208333333341903,0.0005208333343564386,0.0005208333336671412,0.0005208333375745436,0.0005208333333341903,0.0005208333333341903,0.0005208333333341902,0.0005208333393625056,0.0005208333333341902,0.0005208333371927936,0.9701119880220728,0.0005208333421134198,0.020513011922629717,0.0005208333343772094,0.0005208333417875418,0
0.00033783784636931536,0.134356855905954,0.00033783783878664134,0.00033783784743128835,0.0236995690458064,0.00033783783796031725,0.0003378378423895972,0.0003378378390938813,0.000337837840808053,0.00033783783783833686,0.00033783783882368614,0.0003378378378383368,0.08187426115039703,0.0003378378396976057,0.007882479481695103,0.7471192667995369,0.0003378378450786742,0.0003378378398002236,0.00033783784107583405,0.0003378378436187787,0
0.00028735632183966256,0.00028735632183966267,0.00028735632183966256,0.0002873563244318932,0.0002873563292867976,0.0002873563218396626,0.00028735634454887495,0.00028735632183966256,0.00028735632309554446,0.0002873563218396626,0.00028735632183966256,0.0002873563236381837,0.0002873563246959392,0.00028735632183966256,0.0002873563223058168,0.9945402298194067,0.0002873563369859242,0.0002873563225600278,0.00028735632791527794,0.00028735632641158857,0
0.006487350407497269,0.00010482180293533785,0.0001048218031507508,0.00010482180429404801,0.07769216131645103,0.00010482180293533784,0.0023492520825407685,0.00010482180563600966,0.022407197440320235,0.00010482180299801654,0.00010482180305245493,0.00010482180431897528,0.00010482180446983133,0.00010482180426440817,0.00010482180428784235,0.8406532920008701,0.00010482180493667739,0.011136274679686383,0.00010482180399036272,0.037911788621364066,0
0.0001945525292797134,0.00019455252918343957,0.00850266311643255,0.00019455253122406643,0.02560724061120102,0.00019455252918343954,0.0001945525293212471,0.00019455253017810453,0.005191101072426007,0.00019455252918343952,0.00019455253149162186,0.00019455253085756422,0.018976478028047448,0.016748063739052868,0.00019455253206484047,0.8629830654883663,0.024411577889561633,0.00019455253131703688,0.035245179689216886,0.00019455253241079028,0
0.00015673981345935893,0.00015673981191263053,0.008253095316277943,0.005667505913241148,0.017116952718637744,0.00015673981300059738,0.00015673981204994492,0.09152665616691812,0.000156739813007175,0.00015673981444589644,0.00015673981191263048,0.00015673981745167968,0.00015673981614300691,0.00015673981299531804,0.00015673981620269775,0.8381584323036754,0.01916783441053003,0.018071905590086954,0.00015673981355559396,0.00015673981449614607,0
0.0002083333353422291,0.00020833333333401084,0.00020833333351913925,0.0002083333343793179,0.19374652316409252,0.0002083333333340108,0.00020833334385695533,0.0002083333336955105,0.0002083333341706434,0.00020833333352535675,0.00020833333333401073,0.0002083333450327532,0.0002083333362416914,0.00020833333629326174,0.01742325842359235,0.7081729368602875,0.07732394817383184,0.00020833333872893252,0.00020833333754315776,0.00020833333586477702,0
0.00012135922403771487,0.00012135922330134102,0.00012135922349588121,0.00012135922522555842,0.00012135922565778972,0.00012135922414161266,0.00012135922423217535,0.017172451811288115,0.00012135922375685167,0.000121359223301341,0.00012135922330134097,0.0001213592247822371,0.0115145277269892,0.00012135922585508058,0.006612580247082744,0.9441688528820742,0.00012135922542385759,0.00012135922542304686,0.018711198965668578,0.00012135922496139519,0
0.00018796992666761332,0.00018796992481251814,0.00018796992481251806,0.00018796992746563006,0.31463299245617526,0.0001879699248125181,0.00018796992674189702,0.008137313569248758,0.00018796992481251806,0.00018796992493570438,0.00018796992481251809,0.00018796992627384443,0.0001879699276972931,0.00018796992481251803,0.00018796992677293646,0.6677315055567393,0.00018796993046320753,0.006490669595245485,0.00018796992611260142,0.00018796993058530986,0
0.00020408163280658564,0.0002040816326534681,0.01801008656157786,0.00020408163432281492,0.00020408163732866188,0.00020408163265346808,0.00020408163265346802,0.00020408163430553217,0.00020408163265346805,0.00020408163265346808,0.00020408163265346805,0.00020408163319462501,0.0002040816346248084,0.00020408163737211415,0.00020408163273153077,0.963041704143757,0.015478821517441253,0.00020408163459727027,0.0002040816339908762,0.00020408163602818563,0
0.0002551020417000741,0.0002551020408170666,0.00025510204158464214,0.00025510204450815904,0.09081491572942987,0.0002551020408170666,0.00025510204238332417,0.0002551020413602371,0.00025510204186877337,0.0002551020408170665,0.0002551020413608065,0.00025510204179471694,0.00025510204486096027,0.00025510204225717904,0.00025510204591178875,0.779124038339151,0.0002551020466611785,0.023662856846813143,0.0454942473923556,0.05707741105354754,0
0.00016501650227440713,0.00016501650165072542,0.00016501650243155142,0.00016501650351413477,0.00016501650707845456,0.0001650165016507254,0.00016501650182010785,0.014676514393968715,0.00016501650177778044,0.0001650165016507254,0.00016501650165072536,0.0001650165017714687,0.00016501650381580142,0.00016501650204271727,0.012395530261486943,0.9442717957417355,0.00016501650522767795,0.015904099200578826,0.0001650165087622026,0.010276812855110683,0
0.0001253132834746112,0.00012531328320842042,0.00012531328768965698,0.0001253132842467816,0.0001253132855099234,0.0001253132832084204,0.00012531328332569962,0.011092574341414268,0.000125313283564296,0.00012531328421800172,0.00012531328320842036,0.0001253132833513497,0.0001253132848373482,0.01805866858272095,0.00012531328347658373,0.9512223545275398,0.00012531328679396046,0.005950953337262813,0.00012531328569187727,0.011795749945256841,0
0.00015479876322509217,0.0001547987616103096,0.000154798762140289,0.00537454773053059,0.0001547987646837387,0.00015479876161030959,0.00015479876161030953,0.00015479876393171752,0.00015479877421328053,0.00015479876161030959,0.00015479876161030956,0.00015479876190272924,0.0044093526036719025,0.022465488509459196,0.00015479876382792874,0.9527962618067138,0.0001547987651416876,0.00015479876196562532,0.0001547987660836402,0.012632367894457012,0
0.00016778524112666886,0.00016778523490005193,0.003332538072859471,0.00016778523586517008,0.08146087469455317,0.0001677852349000519,0.00016778523611786096,0.00016778523493639173,0.0001677852372534815,0.0001677852349000519,0.00016778523511955224,0.003734204431130588,0.0001677852369751655,0.00016778523490005177,0.0001677852409190504,0.8623766348934292,0.00016778523947305317,0.007619927552754535,0.00016778523713276714,0.03912682704075378,0
0.041939109527101046,0.00016891891891939828,0.00016891891963444043,0.0001689189198368874,0.00016891892212103624,0.00016891891891939825,0.00016891892222359095,0.00016891892050061277,0.0001689189229017237,0.00016891891891939825,0.000168918920703687,0.00016891891956429995,0.00016891892395398992,0.0001689189191875848,0.0001689189213364754,0.9550203498970227,0.00016891892320027867,0.00016891892095968977,0.0001689189196157504,0.00016891892337794106,0
0.0002475247529594293,0.000247524752475947,0.0002475247524759469,0.00024752475442298204,0.0002475247581559482,0.00024752475247594695,0.000247524763328433,0.0002475247526290616,0.0002475247612989985,0.0002475247528533012,0.0002475247524759469,0.017827581570344152,0.00024752475600788395,0.00024752475247594684,0.0002475247543977575,0.9502507081405359,0.0002475247572978596,0.00024752476034199796,0.02771378944645973,0.0002475247565868044,0
0.0003184713416796716,0.0003184713375803195,0.0003184713470768241,0.0003184713426601675,0.0003184713447189643,0.00031847133758031946,0.0003184713391783361,0.00031847133758031935,0.0003184713375803194,0.00031847133758031946,0.0003184713375803194,0.00031847134664258743,0.10189952446352939,0.0003184713763458854,0.0003184713377828212,0.8798878415191589,0.012798621189218328,0.00031847133758031935,0.0003184713458034184,0.00031847134314215794,0
0.00032467533233164177,0.0003246753246767594,0.0003246753246767592,0.0003246753263112694,0.07708899597346863,0.00032467532467675935,0.00032467532913391627,0.00032467533020723923,0.00032467533115585997,0.00032467532467675935,0.0003246753268277551,0.01860326058959518,0.000324675335717541,0.00032467532467675913,0.03645560629982486,0.7836679354470785,0.027664703876484613,0.00032467533575290233,0.0003246753264715698,0.051974043216254505,0
0.028758476003107405,0.0001872659176036927,0.00018726591802446416,0.00018726591928000627,0.04147114960183705,0.00018726591760369267,0.0001872659184037475,0.00018726591821111312,0.00018726591814832185,0.00018726591760369267,0.0001872659195219205,0.0001872659192605206,0.0001872659236897726,0.00018726591968848923,0.0001872659207178444,0.9265868537625246,0.00018726592048389813,0.00018726592401463547,0.00018726591924754382,0.00018726592102785169,0
0.00020576131737104502,0.00020576131687310056,0.00020576131761956026,0.00020576131927265028,0.00020576132351651056,0.00020576131687310054,0.00020576131722770295,0.0002057613173217306,0.00020576131993050965,0.00020576131687310054,0.000205761318697283,0.0002057613179282657,0.0002057613194433085,0.03590280393555415,0.009990758401093992,0.8578482404255724,0.0738516353267124,0.00020576131957157016,0.019320142131298977,0.00020576132124854027,0
0.00010309278397757132,0.00010309278350536659,0.0001030927837456419,0.00010309278423762193,0.000103092785682106,0.00010309278350536657,0.00010309278501245637,0.00010309278445312027,0.00010309278419455855,0.00010309278355049026,0.00010309278402799966,0.00010309278514600517,0.00010309278555906012,0.00010309278701602464,0.00010309278467978345,0.7852003985665421,0.04390582464549606,0.16914119944991235,0.00010309278478913641,0.00010309278496723453,0
0.0002673796804020056,0.0002673796791449793,0.00026737967914497923,0.0002673796829574271,0.058964756476675595,0.0002673796812038143,0.0002673796791449792,0.0002673796820752666,0.00026737968022371757,0.00026737967914497923,0.00026737967914497923,0.00026737968164303346,0.0002673796859718863,0.0002673796791449792,0.00026737968421400174,0.9362224092611651,0.0002673796842511582,0.0002673796792665789,0.00026737968004624007,0.00026737968503432445,0
0.000370370373032615,0.0003703703703712157,0.0003703703864727911,0.0003703703743961997,0.05150138057422891,0.0003703703703712157,0.00037037037940974355,0.00037037037037121554,0.00037037038028623476,0.0003703703703712157,0.0003703703703712156,0.0003703703705600912,0.0003703703769804816,0.00037037037037121554,0.04986946837169995,0.8218851320049526,0.07081809306191053,0.0003703703747592354,0.00037037037118466375,0.00037037037789884364,0
0.00031645569804142305,0.0003164556962033778,0.00031645569711871393,0.0003164557002080915,0.0003164557052746824,0.00031645569620337776,0.0003164557097089091,0.011866687958596888,0.00031645569620337765,0.00031645569620337776,0.03196202575788111,0.0003164556990900041,0.00031645570056459764,0.0003164556962033776,0.0003164556965753069,0.9229704679796513,0.00031645570197223847,0.0003164556962033776,0.02813752711729971,0.00031645570079667757,0
0.00013550135999277696,0.0001355013550140359,0.00013550135746401724,0.00013550135641444486,0.0001355013589173641,0.00013550135501403589,0.00013550135720859173,0.0001355013555990535,0.0001355013585558846,0.00013550135594700736,0.00013550135888514226,0.00013550135535031436,0.00013550136020053986,0.0001355013577798608,0.00013550135801369579,0.9867156837801644,0.010845291787028493,0.0001355013572486606,0.00013550135645680437,0.00013550135874484126,0
0.00023364486081601903,0.00023364485981360817,0.00023364485981360812,0.00023364486175922876,0.00023364486452848277,0.00023364485981360817,0.00023364485993353698,0.00023364486020610104,0.0002336448611366919,0.00023364485981360814,0.00023364485981360812,0.00023364486003848393,0.007359601718325244,0.01826485239468804,0.00023364486170252805,0.970403583106408,0.00023364486305126893,0.00023364486009803788,0.00023364486327998417,0.00023364500496031004,0
0.009863826828923287,0.00023364485981435966,0.00023364486108683714,0.00023364486365541048,0.00023364486573525372,0.0002336448598143596,0.00023364486056422288,0.00023364486058671764,0.00023364485981435947,0.00023364485981435955,0.0002336448598143595,0.00023364486063242804,0.00023364486219377693,0.00023364485981435941,0.01782170088309976,0.954310359572241,0.0002336448630491164,0.014265794913847347,0.00023364486827631153,0.00023364487722237056,0
0.00013736263772197576,0.00013736263736292462,0.0001373626378002346,0.00013736263973605293,0.0001373626408587221,0.00013736263742971375,0.00013736264002338133,0.00013736263736292457,0.00013736263764972992,0.00013736263814403146,0.000137362637911685,0.00013736263736292457,0.00013736264436718114,0.0001373626374002299,0.0001373626382007879,0.5958441278655471,0.4016833446338073,0.00013736264031907365,0.0001373626403170233,0.00013736264067670966,0
0.0002118644082155772,0.000211864406780119,0.00021186440760074117,0.0002118644078819041,0.0002118644116605759,0.00021186440678011898,0.00021186440698533807,0.00021186440715157315,0.00021186441370239857,0.00021186440906773688,0.00021186440726344205,0.0002118644085113914,0.00021186443043159385,0.00021186440678011892,0.011624436823776882,0.9845620037969082,0.00021186441087846,0.00021186441051545892,0.00021186440919277092,0.00021186440991567655,0
0.0003846153889181623,0.00038461538461619603,0.0003846153850236012,0.00038461539124042194,0.0003846153912330418,0.000384615384616196,0.00038461538461619587,0.01041831059245064,0.0003846153942314593,0.000384615384616196,0.0003846153880334659,0.0003846153878083108,0.00038461539570472836,0.0003846153941687325,0.014934830412176319,0.9197023743353202,0.0003846153936602285,0.04879063843652252,0.000384615386196526,0.00038461538884688144,0
0.0002145922748376774,0.000214592274678645,0.00021459227540543963,0.00021459227657692607,0.08599524231323889,0.00021459227577506014,0.0002145922749618761,0.0002145922746786449,0.00021459227467864492,0.00021459227491892378,0.00021459227628123725,0.00021459227467864492,0.0002145922782884886,0.00021459227507059672,0.00021459228701728946,0.8504066604059907,0.0002145922793414413,0.05995002857207698,0.00021459227670542034,0.0002145922847983656,0
