0,1,2,3,4,5,6,7,8,9,10,11,12,13,14,15,16,17,18,19
0.00019455252926473438,0.00019455252918357144,0.00019455252918357133,0.00019455253581383562,0.00019455253365682993,0.0001945525291835714,0.00019455253056828282,0.0001945525291835713,0.00019455253152225185,0.00019455252918357138,0.00019455252918357136,0.0001945525291835713,0.0001945525342321203,0.00019455255749150377,0.01248192090589284,0.9840161335020391,0.00019455253307074693,0.0001945525300297043,0.0001945525310828085,0.00019455254105020384
0.0004901960795744564,0.0004901960784323929,0.0004901960784323927,0.0004901960823858724,0.0004901960944921327,0.0004901960784323928,0.0004901960784323927,0.0004901960784323927,0.0004901960825482557,0.0004901960784323928,0.0004901960784323927,0.0004901960784323927,0.000490196083606685,0.04574480561420288,0.016271652870749796,0.7023785183639953,0.2055810425574402,0.0004901960799287933,0.02267103937644338,0.0004901960871728514
0.00024390243910960555,0.00024390243902495747,0.00024390243902495736,0.00024390244116552498,0.03751823126285527,0.00024390243902495744,0.00024390243989957968,0.00024390244062575596,0.00024390243902495736,0.00024390243902495744,0.00024390243902495736,0.0002439024440154653,0.00024390244206927647,0.00024390243902495734,0.00024390244293459257,0.9105618256693337,0.04777360157613921,0.00024390244375655727,0.00024390244056629408,0.0002439024443543774
0.0002450980440258383,0.00024509803921635647,0.00024509803921635636,0.00024509804692898274,0.0002450980442928107,0.0002450980392163564,0.00024509803921635636,0.0002450980485307153,0.00024509804100458126,0.0002450980392163564,0.0002450980392163564,0.00024509803941577264,0.09070016869096699,0.0002450980392163563,0.005596123532558985,0.7872703894176559,0.02709259477624084,0.00024509804451323404,0.08566425295560283,0.00024509804374810086
0.00016339869354586653,0.00016339869281087286,0.0001633986928108728,0.00016339869367923838,0.00016339869733853512,0.00016339869281087286,0.0001633986931589485,0.00016339870875512784,0.00016339869403099347,0.00016339869412497582,0.00016339869433576928,0.0001633986944464561,0.0001633986951738873,0.00016339870193016404,0.00016339869766113208,0.8325792170980598,0.00016339869557913632,0.00016339869353110923,0.000163398693892273,0.164479606382324
0.00017241379416347785,0.00017241379310380136,0.00017241379579091966,0.00017241379438287047,0.13359699977190684,0.00017241379310380136,0.00017241379320170915,0.00017241379368615787,0.00017241379315966268,0.00017241379310380136,0.00017241379310380133,0.00017241379499264399,0.0001724137956287208,0.05777417221903767,0.007128319130274961,0.7199219673120739,0.028606112184618643,0.021506878545930017,0.029224171512829192,0.0001724137959073603
0.00020920502129915687,0.00020920502092104665,0.00020920502100691736,0.00020920502325713113,0.00020920502625307454,0.00020920502092104662,0.00020920502147403985,0.00020920503087922793,0.00020920502092104657,0.00020920502092104662,0.00020920502185844874,0.00020920502323419095,0.000209205024841359,0.00020920502269999527,0.00020920502834807973,0.9012713235309584,0.00020920502452486457,0.0002092050216831374,0.09496298604816537,0.00020920502583229725
0.00015974441524552963,0.00015974440894646813,0.00015974440943486684,0.00015974441095304714,0.07445302583678863,0.0001597444089464681,0.00015974440916029616,0.00015974440909134502,0.0001597444095319297,0.0001597444089464681,0.0001597444097402884,0.0001597444105177206,0.00015974441207417632,0.00015974441048105512,0.0001597444101607916,0.9226715747734969,0.00015974441216946478,0.00015974441016375595,0.00015974440976087393,0.00015974441438959354
0.00016447368515019146,0.0001644736842108992,0.019986298072786707,0.00016447368620353762,0.05575000169552178,0.0001644736842108992,0.00016447368427998746,0.0052072793500391465,0.00016447368466132817,0.0001644736842108992,0.00016447368621674125,0.00016447368457334698,0.0001644736881270243,0.00016447368518046304,0.00016447369346806828,0.7969018765860182,0.00016447369090178383,0.0001644736843289113,0.07017489648758805,0.04967701620232203
0.00014450867474824798,0.00014450867052072088,0.00014450867060393835,0.00014450867409537466,0.03813399107796781,0.00014450867052072085,0.00014450867252915653,0.0033580044258028244,0.0001445086705207208,0.00014450867052072085,0.00014450867052072082,0.00014450867060222466,0.0225544615924271,0.00014450867103804436,0.00014450867189664223,0.8580065361514316,0.00014450867422720703,0.00014450867603576565,0.00014450867298455915,0.07577937667100587
0.007252861545504312,0.0002232142857151087,0.0002232142866219177,0.0002232142865592767,0.00022321434322378645,0.00022321428571510867,0.00022321428571510854,0.0002232142860070138,0.00022321428571510856,0.00022321428571510867,0.00022321429138473972,0.00022321428918924108,0.00022321428935738523,0.0002232142991539903,0.00022321428996588245,0.9887292812050532,0.00022321428852258902,0.0002232142919375679,0.00022321428769407826,0.00022321429124953825
0.00023255814572348664,0.00023255813953527535,0.019223310515956483,0.0002325581415639273,0.1985080773187948,0.00023255814317485113,0.0002325581409171245,0.00023255814177069537,0.00023255813953527532,0.00023255813953527535,0.00023255814003408657,0.00023255813962927657,0.0002325581454526137,0.0002325581438286701,0.0036749606871173306,0.4814484867645395,0.00023255814491588756,0.02527228807799275,0.26861706264798435,0.00023255814199835543
0.000138888899297558,0.00013888888888931376,0.00013888890683685798,0.00013888888997543372,0.07486540491995854,0.00013888888888931373,0.00013888889226577303,0.00013888888898923172,0.00013888889265714963,0.00013888888888931373,0.0001388888888893137,0.0001388888916804481,0.00013888889085510175,0.00013888888962228062,0.00013888889091477803,0.8954970084942332,0.00013888889089043915,0.0001388888894700704,0.027276475424434128,0.00013888889236162715
0.000245098039920745,0.0002450980392164491,0.000245098039216449,0.00024509804116001633,0.07887850581612872,0.00024509803921644906,0.00024509803949357645,0.0002450980434321828,0.000245098039216449,0.0002450980418577451,0.000245098039216449,0.0002450980431299352,0.00024509804965821175,0.00024509803921644895,0.03076460690903943,0.8861902205553468,0.00024509804444476245,0.0002450980493446949,0.00024509804515129125,0.0002450980465931076
0.00017543859798494437,0.00017543859649188232,0.00017543859850269116,0.00017543859908024346,0.19361813341924344,0.0001754385964918823,0.0001754385986448575,0.00017543860244695832,0.0001754385975129352,0.0001754385964918823,0.00017543859811325942,0.0001754385969559378,0.00017543859910525335,0.03862093346834571,0.010816794182896005,0.7127128887595974,0.00017543860185429357,0.023649837506072476,0.01812527228443941,0.00017543859972855017
0.00020080321528358512,0.0002008032128519573,0.00020080321285195722,0.00020080321627035757,0.00020080322468508794,0.00020080321285195727,0.00020080321285195722,0.0002008032135302106,0.00020080321657506175,0.00020080321285195727,0.00020080321285195725,0.0002008032149346338,0.00020080321610078624,0.00020080321387067838,0.00020080321443823664,0.8501997183269265,0.00020080322041941085,0.0002008032140760733,0.00020080321500333395,0.14618582380077433
0.00018115942162596026,0.00018115942029031104,0.00018115942435154597,0.00018115942162366056,0.008989512133661684,0.000181159420290311,0.00018115942071492703,0.00018115942029049608,0.0001811594248692335,0.00018115942454249398,0.00018115942119052166,0.00018115942433624075,0.005974433716389315,0.05847334900546314,0.0001811594210526881,0.8981548694606434,0.00018115942403782083,0.0001811594205956626,0.02569044435131406,0.000181159422716672
0.00029069768283068286,0.0002906976744195168,0.0002906976744195166,0.03170004313840394,0.00029069768725520785,0.00029069767441951673,0.00029069767458075044,0.0002906976750422754,0.007873026016452204,0.00029069767441951673,0.0002906976752758066,0.0002906976747865339,0.0002906976822232024,0.0002906976806227155,0.0002906976757418784,0.9554850703182084,0.00029069767909276284,0.00029069767545699657,0.0002906976835922067,0.0002906976827565398
0.00016666666770766403,0.00016666666666693703,0.004082270345699489,0.00016666667125631222,0.00016666667026312535,0.00016666666666693703,0.00016666666745489254,0.0001666666679224834,0.000166666666666937,0.00016666666666693703,0.000166666666666937,0.00016666666824272729,0.0001666666705808923,0.00016666666668250786,0.0001666666686778283,0.8359833265303409,0.00016666667134175662,0.15121864314960756,0.00604909328203367,0.00016666666885348052
0.00015723271237720626,0.0001572327044031226,0.0001572327057538195,0.00015723270625346846,0.23349130953514868,0.00015723270440312254,0.00015723270520379089,0.00015723270460559234,0.00015723270528549953,0.00015723270746050296,0.01581411188725636,0.0001572327050891079,0.00015723270900407275,0.00015723270874411696,0.0001572327056010288,0.6941447724197488,0.0540340828525883,0.00015723270517922078,0.00015723270770327287,0.00015723270819087353
0.009419875131450817,0.00020491803278749638,0.00020491803278749627,0.0002049180346525381,0.00020491810235178737,0.00020491803278749636,0.00020491803342030795,0.0002049180330927864,0.00020491803367147973,0.0002049180355780208,0.00020491803317673166,0.00020491803321225245,0.008154930898602742,0.00967545380460481,0.00020491804337103672,0.9282604628056935,0.03608762651935453,0.005532798287805648,0.00020491803470017525,0.0002049180368983078
0.00018796992557312407,0.00018796992481231407,0.000187969924812314,0.0001879699264110856,0.03385276908902125,0.00018796992481231404,0.00018796992616324504,0.00018796992626929617,0.000187969925879571,0.00018796992481231404,0.0001879699250963287,0.000187969924812314,0.0001879699285554706,0.00018796992864844332,0.00018796992548187174,0.9627637722375669,0.0001879699285617102,0.000187969926345965,0.00018796992701855194,0.00018796992934542886
0.00012886598513063154,0.00012886597938178767,0.00012886597948336562,0.00012886598117778584,0.07415194778076042,0.00012886597938178767,0.00012886597966294515,0.0001288659794698244,0.00012886597963647985,0.00012886597938178767,0.00012886597955145634,0.01652384447244135,0.004264508558274671,0.0040114524855448495,0.00012886598448778319,0.8833008402680793,0.00012886598223382458,0.00012886597943743765,0.00012886598001073132,0.015943282706471714
0.00017006802741521888,0.00017006802721180624,0.00017006803089228862,0.00017006803073469997,0.10179088623527734,0.00017006802721180618,0.00017006802737017085,0.0001700680330753709,0.0001700680272118061,0.00017006802721180616,0.0001700680272118061,0.00017006803136923363,0.03952380235712524,0.0001700680289522571,0.0001700680286632752,0.8557941549122837,0.0001700680307954749,0.00017006803027818247,0.00017006802836260033,0.0001700680313457097
0.00022522522542940874,0.00022522522522592392,0.00022522522522592383,0.015153992462291318,0.0002252252303893532,0.0002252252252259239,0.00022522522522592378,0.00022522522928573,0.00022522522522592383,0.0002252252252259239,0.00022522523027574255,0.00022522522585889874,0.0002252252307412574,0.010073020529548903,0.00022522522630183243,0.9709441581465806,0.00022522522993090484,0.000225225225536982,0.00022522522711138806,0.00022522522936206977
0.00022026431840324327,0.0002202643171812772,0.00022026431857976182,0.0002202643195919531,0.08820914069948008,0.00022026431718127716,0.0002202643172861373,0.00022026431718127706,0.00022026431813676153,0.00022026431731830473,0.0002202643203233557,0.000220264320886629,0.011063205066811126,0.020985438622056964,0.0002202643201924712,0.8332873572622802,0.00022026432145646674,0.02484188153519323,0.018529276347256377,0.00022026432320298948
0.004716996865422314,9.59692898275458e-05,9.596929182495879e-05,9.596929082113542e-05,0.07766698156855636,9.596928982754578e-05,9.596928985451526e-05,9.596929034112215e-05,9.596929014474657e-05,9.596929016758038e-05,9.59692913062738e-05,9.596928989143353e-05,9.596929162378486e-05,0.006178756697875233,0.019527543214657626,0.8249033414472206,9.596929162840876e-05,0.01139532918467427,9.596929056110476e-05,0.05436345024377348
0.0002403846187448261,0.00024038461538516915,0.00024038461556914748,0.00024038461853436284,0.10804098464261927,0.00024038461538516913,0.00024038461995643166,0.0002403846292943515,0.00024038461549849926,0.00024038461538516913,0.1356751937771971,0.00024038461566058006,0.05448345903807692,0.00024038461729124122,0.00024038462098304649,0.6766209101601577,0.0002403846198110194,0.00024038461745411855,0.00024038461784777994,0.0215736831091479
0.0004000000105118757,0.00040000000000165923,0.0004000000087554498,0.0004000000019622933,0.0004000000124422295,0.0004000000000016592,0.00040000000032771276,0.0004000000000016589,0.000400000000001659,0.00040000000191167147,0.000400000000001659,0.00040000000000165896,0.00040000000274724993,0.021265426975990067,0.00040000000064326026,0.8959138682463128,0.061539848157509486,0.0004000000000016589,0.014880856578362451,0.0004000000025119325
0.040652711154942206,0.0002500000000006654,0.00025000000000066527,0.00025000000253620264,0.0002500000070195211,0.0002500000000006653,0.00025000000012330464,0.000250000001318293,0.00025000000000066527,0.0002500000000006653,0.00025000000000066527,0.0002500000050175624,0.026369775546214985,0.0002500000000006652,0.00025000000059412816,0.9287275132614214,0.00025000001012890976,0.00025000000053417454,0.0002500000018505185,0.000250000008294007
0.0001432664827528261,0.0001432664756451823,0.00014326647606483436,0.00014326647748168076,0.0001432664793035562,0.00014326647637472517,0.00014326647564518222,0.0001432664901045892,0.0001432664759659019,0.00014326647564518228,0.00014326647802920785,0.00014326647682110064,0.03046548918421272,0.00014326647824695356,0.0001432664775814011,0.9531813203785627,0.0001432664796908857,0.013917660302904972,0.00014326648018404516,0.00014326647878235566
9.523809740468569e-05,9.523809523835477e-05,9.523809527120161e-05,0.0024797487973676068,0.23819711220563775,9.523809523835476e-05,0.0032180602901237224,9.523809544280267e-05,9.523809535675942e-05,9.523809587411614e-05,9.52380954169236e-05,0.006928929553802544,9.523809700918111e-05,9.523809794198525e-05,9.52380984528922e-05,0.7255808433016471,0.01843932986684067,9.523809673249612e-05,0.003917880732564697,9.523809663634182e-05
0.011625077825273717,0.00019531250000066183,0.00019531250274537498,0.00019531250143110926,0.0001953125064534483,0.00019531250000066178,0.0001953125119752278,0.000195312504925133,0.0044022468156554705,0.00019531250206105322,0.00019531250000066175,0.0001953125007219477,0.00019531250399345694,0.01808315492867364,0.00019531250669932484,0.9289836890263985,0.00019531250355994014,0.00019531250974505053,0.00019531250383270576,0.03397614384585279
0.025241229354020484,0.00021551724138028073,0.0002155172413802806,0.0002155172458937969,0.00021551724797259472,0.00021551724138028068,0.0002155172421557133,0.008339839904546224,0.011357785643148287,0.004669004388787243,0.00021551724267722063,0.00021551724207498853,0.0002155172454119093,0.00021551724320620325,0.01147499654826779,0.9358999027389829,0.00021551724485776167,0.00021551725597606763,0.00021551724305805784,0.0002155172448218944
0.01237882556566927,0.00021186440678031557,0.0002118644072809692,0.020076184534038942,0.00021186441228949562,0.004449152610329336,0.00021186441118369422,0.00021186440721478997,0.00021186440812360325,0.00021186440728707055,0.0002118644084839962,0.0002118644132723229,0.00021186440985435537,0.0002118644128519058,0.00021186440974631568,0.9451930890484856,0.00021186441153435822,0.00021186441054389494,0.0002118644087420867,0.014724782096287496
0.00037593985187967465,0.00037593984962462813,0.000375939849624628,0.0003759398540944362,0.00037593985952959295,0.0003759398496246281,0.00037593985018825085,0.00037593985184288827,0.0003759398544352782,0.0003759398496246281,0.0003759398496246281,0.008201313657246074,0.0003759398537320686,0.000375939849624628,0.0003759398531638756,0.9325011427074884,0.00037593985801812546,0.000375939849624628,0.0003759398497801796,0.05290656615122891
0.00021097047013946034,0.0002109704641355449,0.0002109704651374862,0.00021097046753545203,0.04624444215344135,0.00021097046413554488,0.0002109704648840014,0.17911290974420596,0.0002109704696641606,0.00021097046614502156,0.00021097046461242074,0.00021097047447176973,0.0002109704669450458,0.0002109704641355448,0.00021097047352970633,0.7230142564137612,0.00021097046893850727,0.014836158047279814,0.03362767662625734,0.0002109704706448568
0.00018450184669371408,0.0001845018450190434,0.00018450184619067656,0.00018450184625836699,0.00018450185836695773,0.00018450184501904337,0.00018450184547741424,0.00018450184644038523,0.00018450184516051997,0.00018450184501904337,0.00018450184774171935,0.00018450185531196302,0.00018450184778625662,0.00018450184540186055,0.00018450185504474977,0.8652899266196866,0.00018450184994199978,0.0001845018472153847,0.13138904011316513,0.00018450184905921863
0.00019379845033347235,0.00019379844961288253,0.026059990442424005,0.00019379845165672544,0.0001937984535231964,0.0001937984496128825,0.00019379845016204646,0.00019379845026681316,0.00019379844961288245,0.0001937984496128825,0.0001937984501165543,0.00019379844992716314,0.030378318273014814,0.0001937984500949349,0.00019379845029819637,0.88978835985856,0.015619568064184812,0.03524678658985396,0.00019379846513908224,0.00019379845199259035
0.0004237288150713656,0.00042372881356025053,0.0004237288135602504,0.00042372882021692954,0.00042372883737893486,0.0004237288135602505,0.020244654041182957,0.0004237288148679549,0.0004237288135602504,0.0004237288135602505,0.0004237288387284157,0.04530930539741834,0.000423728819800751,0.000423728850281543,0.00042372881983862495,0.9272426506044511,0.00042372882263557257,0.00042372881391472317,0.0004237288197280042,0.00042372881668365257
0.00021008403502466492,0.0002100840336140439,0.00021008403598284057,0.00021008403434269368,0.2293547534771172,0.00021008403361404384,0.00021008403648177903,0.0002100840339999625,0.00021008403372377969,0.00021008403381862355,0.0002100840351824301,0.00021008404343476276,0.0002100840382352259,0.00021008403361404373,0.0002100840357162869,0.7668637338829961,0.00021008403751472405,0.000210084034114233,0.00021008403554067942,0.00021008403593206681
0.0002293577994473486,0.00022935779816566916,0.00022935779816566905,0.0002293577990225353,0.014265243518664789,0.00022935779816566913,0.00022935779855835656,0.00022935779925275536,0.00022935779931746608,0.014383846557783532,0.00022935779971213223,0.00022935779830766435,0.0002293578018273415,0.0002293577994144593,0.0002293577998701516,0.9674518273325894,0.00022935780135960456,0.00022935779918356963,0.00022935779886339307,0.00022935780232849416
0.00045454545893642006,0.0004545454545467512,0.00045454547325286283,0.00045454545791429924,0.00045454546134065973,0.0004545454545467511,0.0004545454549458144,0.000454545457749932,0.0004545454624975062,0.00045454546122595965,0.036393115246807196,0.00045454547680620313,0.0004545454643737131,0.00045454545454675087,0.010335046731696726,0.9455445651190167,0.0004545454631909623,0.0004545455254878218,0.0004545454593662281,0.0004545454617505579
0.00024390245184926858,0.00024390243902507847,0.00024390243952037967,0.0002439024501633913,0.00024390244349346875,0.0002439024390250784,0.00024390244390236292,0.0002439024403087945,0.00024390243902507836,0.0002439024390250784,0.00024390243902507836,0.0002439024416133369,0.00024390244323304588,0.00024390244040427454,0.012229861009040405,0.9603456678457369,0.008685110860526465,0.014836921208621269,0.00024390243944336616,0.00024390244701759232
0.021799068843095085,0.00019841269841305186,0.00019841269883878482,0.00019841270122741413,0.0001984127018949697,0.00019841269841305186,0.0001984126984564597,0.00019841269993944708,0.00019841269926834787,0.00019841269841305186,0.00019841269841305184,0.00019841269874831504,0.00019841270174274093,0.0001984126984130518,0.00019841270005164683,0.9746295025613749,0.00019841270140341226,0.00019841270076223437,0.0001984126990730539,0.00019841270205778666
0.00014124294067494083,0.0001412429378535174,0.0001412429378535173,0.00014124294116279055,0.031224500192420936,0.00014124293785351737,0.0001412429386391392,0.0068393374092463165,0.00014124293871861955,0.00014124293785351734,0.00014124293804925,0.00014124293917063913,0.00014124294203236282,0.00014124294353062925,0.00014124293968882453,0.9595350324268452,0.000141242941937338,0.00014124293831157224,0.00014124293891250097,0.00014124293924481203
0.00017182130759694106,0.00017182130584243334,0.00017182130940437374,0.006295655950820058,0.1219248126712167,0.007044673677896894,0.00017182130622786352,0.0001718213063736452,0.00017182130584243325,0.00017182130693034294,0.0001718213196132368,0.003836607810195544,0.00017182131086312323,0.00017182130774075563,0.00017182131541136798,0.8272230405444616,0.00017182130874639207,0.00017182131159849078,0.03126971101544421,0.00017182130777350856
0.00027932961103576407,0.00027932960893935937,0.0002793296094812997,0.00027932961485162706,0.00027932961655825604,0.0002793296089393593,0.0002793296089393592,0.0002793296091312885,0.00027932960893935926,0.0002793296098003072,0.01653048922687133,0.0002793296115435699,0.0002793296119515415,0.0002793296089393592,0.0002793296109569155,0.9676419482833296,0.0002793296135652025,0.011078959089303403,0.00027932961946305104,0.000279329617460108
0.013598711060221024,0.0038070045251537917,0.0270918739380103,0.00019011406967982172,0.06686731212006874,0.00019011406869203474,0.00019011406862731633,0.00019011406844165573,0.00019011407041952608,0.00019011406844165582,0.00019011406844165576,0.00019011407609011654,0.04666035453149194,0.026663230043418112,0.00019011407003528304,0.8050104349953328,0.00019011407220443556,0.00019011406850815788,0.00019011406891653276,0.008019709947805233
0.0002293578224253623,0.0002293577998591134,0.0002293577995726943,0.00022935780053732306,0.06871382777109185,0.00022935779816571708,0.0002293577983723137,0.01750891825384541,0.0002293578007756448,0.00022935779816571708,0.0002293577985674115,0.00022935779825662247,0.00022935780399874626,0.00540719898591177,0.00022935779958204862,0.8796975853156733,0.025232102652213293,0.00022935779996785532,0.00022935780242547117,0.00022935780059225535
0.00023364486216531478,0.00023364485981369483,0.00023364486334905365,0.00023364486265764795,0.06822012325559305,0.0002336448598136948,0.00023364485994768546,0.00023364486260642854,0.00023364486409478441,0.0002336448598136948,0.00023364486054069431,0.00023364486042243477,0.035606581075388305,0.0002336448620080545,0.0002336448635046262,0.7533702018519414,0.00023364486421910763,0.13298262153329993,0.006315799355640894,0.00023364486317953748
0.09527477667283187,0.00030303030303103346,0.0003030303031729236,0.00030303030534326237,0.00030303031087178576,0.0003030303030310334,0.0003030303049027485,0.0003030303038998297,0.00030303030664598197,0.000303030308305635,0.00030303031195186975,0.00030303030303103335,0.024811979319769497,0.00030303030900745485,0.0003030303075924491,0.8747617287968504,0.00030303030818155355,0.0003030303048830793,0.0003030303040495125,0.0003030303126469021
0.00010989011405057705,0.00010989010989047021,0.023915731861782343,0.00010989011118204746,0.00010989011412402296,0.00010989011089748287,0.00010989011002816801,0.00010989011173912633,0.00010989011095601729,0.0001098901098904702,0.00010989011647069703,0.00010989011068954684,0.00010989011173336569,0.00010989011033263607,0.00010989011202205842,0.9648058696313707,0.00010989011182070158,0.00010989011164683774,0.00010989011306227468,0.009410266606310452
0.004137084051241957,0.00015479876161051046,0.00015479876187438586,0.00015479876319514173,0.10809223078700622,0.00015479876161051043,0.0001547987632636514,0.00015479876248678065,0.0001547987636711367,0.00015479876161051043,0.00015479876337645576,0.006895162799256379,0.00015479876507313843,0.00015479876411362076,0.00015479876432961652,0.8745466075828202,0.00015479876625431092,0.00015479877157265125,0.004006933317669137,0.00015479876796369566
0.0002840909092692103,0.0002840909090918538,0.00028409090909185363,0.00028409091161982333,0.09217076226891109,0.00028409090909185374,0.025531483907837514,0.0002840909214203632,0.00028409091033446186,0.00028409090909185374,0.0002840909112150336,0.00028409091189648527,0.0002840909136819923,0.0002840909122128487,0.0002840909269531851,0.8774682083018449,0.0002840909165609695,0.00028409091262059967,0.00028409091190697216,0.0002840909153470553
0.0002659574621933707,0.00026595744680916913,0.000265957446809169,0.00026595744925107367,0.00026595745518497737,0.00026595744680916913,0.0002659574469405925,0.0002659574524793101,0.000265957446809169,0.0002659574497728407,0.0002659574468091691,0.0002659574472218649,0.00026595745157106677,0.0002659574500209673,0.014371444516112969,0.9808413213835193,0.00026595745075948924,0.00026595744749248354,0.0002659574486544228,0.0002659574547793793
0.0006410256410276102,0.0006410256410276106,0.0006410256410276103,0.0006410256469329736,0.21046249455827076,0.0006410256410276105,0.039915409271926376,0.0006410256472964937,0.0006410256410276103,0.0006410256410276105,0.0006410256410276103,0.0006410256470424831,0.0006410256462485299,0.00064102564102761,0.0006410256430154543,0.6817204658037561,0.0006410256672020146,0.000641025643169674,0.0006410256494071297,0.05764522004751131
0.0005208333379096326,0.00052083333333419,0.0005208333344702244,0.000520833337306481,0.0005208333451135518,0.00052083333333419,0.0005208333343561339,0.0005208333336678301,0.0005208333375735161,0.00052083333333419,0.00052083333333419,0.0005208333333341898,0.0005208333393635252,0.0005208333333341898,0.0005208333371922123,0.9701116441775993,0.000520833342113301,0.0205133557671656,0.0005208333343767342,0.0005208333417867278
0.0003378378463704061,0.13435674661862576,0.0003378378387843933,0.00033783784743212676,0.02369586384349431,0.0003378378379603196,0.00033783784239011205,0.0003378378390938877,0.00033783784080028515,0.0003378378378383369,0.00033783783882372707,0.00033783783783833686,0.08199438386972892,0.0003378378396943888,0.007882192581281094,0.7470032454702749,0.0003378378450776958,0.00033783783979985423,0.0003378378410719914,0.0003378378436192421
0.00028735632183966256,0.0002873563218396627,0.0002873563218396626,0.0002873563244319916,0.0002873563292869706,0.00028735632183966267,0.0002873563445433027,0.00028735632183966256,0.0002873563230952398,0.00028735632183966267,0.0002873563218396626,0.0002873563236382286,0.000287356324695464,0.00028735632183966256,0.0002873563223058507,0.994540229819499,0.000287356336900412,0.00028735632256004,0.0002873563279150001,0.0002873563264110177
0.006491362837210667,0.00010482180293533776,0.00010482180315074386,0.0001048218042941706,0.07769787201924497,0.00010482180293533774,0.0023492643697186123,0.00010482180563594606,0.022391862161797366,0.00010482180299785303,0.00010482180305245042,0.00010482180431898388,0.00010482180446571707,0.00010482180426427418,0.00010482180428795077,0.840670810249922,0.00010482180493655895,0.011136133692430057,0.00010482180399321084,0.03790001121840782
0.00019455252927967043,0.00019455252918343957,0.008502911758981989,0.00019455253122422877,0.025602843714955772,0.00019455252918343954,0.00019455252932125517,0.00019455253017807816,0.00518995099839353,0.00019455252918343952,0.00019455253149179127,0.0001945525308576601,0.019012274548962777,0.01674806683657276,0.00019455253206511713,0.8629801988881118,0.024395638798407716,0.0001945525313140987,0.03523348408992097,0.00019455253241033353
0.00015673981345939187,0.00015673981191263053,0.008253021601241748,0.005656091503515534,0.01711723366691065,0.00015673981300066107,0.00015673981204996344,0.09154742055280798,0.0001567398130069016,0.00015673981444604381,0.00015673981191263048,0.00015673981745153225,0.00015673981615937539,0.00015673981299488358,0.00015673981620247825,0.8381334301258608,0.0191729624274076,0.01808222254160797,0.00015673981355765118,0.0001567398144933091
0.00020833333534331903,0.00020833333333401078,0.00020833333351920683,0.00020833333437928977,0.19375651269199892,0.00020833333333401076,0.00020833334385316705,0.00020833333369553255,0.00020833333417023673,0.00020833333352534696,0.0002083333333340107,0.0002083333450335243,0.0002083333362448397,0.0002083333362931538,0.017422487138545256,0.7081292605440465,0.07735840624722182,0.0002083333387235386,0.0002083333375439018,0.0002083333358605406
0.00012135922403807504,0.00012135922330134097,0.00012135922349592202,0.00012135922522497586,0.00012135922565889156,0.00012135922414162529,0.00012135922423228248,0.01717216790699147,0.00012135922375618291,0.00012135922330134095,0.00012135922330134092,0.00012135922478229965,0.01152443944199751,0.00012135922585691714,0.006612457611686631,0.9441578818575914,0.00012135922542405399,0.00012135922542298352,0.018712664814834037,0.00012135922496072186
0.00018796992666833483,0.00018796992481251814,0.00018796992481251806,0.0001879699274656474,0.31462280139796034,0.0001879699248125181,0.00018796992674195224,0.008137159985216427,0.00018796992481251806,0.00018796992493569847,0.00018796992481251809,0.00018796992627253452,0.00018796992769255474,0.00018796992481251803,0.00018796992677299888,0.6677419810158243,0.0001879699304624925,0.0064905387784146016,0.0001879699261123237,0.0001879699305846511
0.00020408163280666343,0.0002040816326534681,0.018010055181301273,0.0002040816343228254,0.00020408163732870357,0.00020408163265346808,0.00020408163265346802,0.00020408163430559205,0.00020408163265346805,0.00020408163265346808,0.00020408163265346805,0.00020408163319495296,0.00020408163462619778,0.00020408163737235037,0.0002040816327315416,0.9630343271021974,0.015486229939277367,0.00020408163459678994,0.00020408163398972972,0.00020408163602794583
0.00025510204170013255,0.0002551020408170665,0.00025510204158466843,0.0002551020445068035,0.09077668206176134,0.00025510204081706647,0.00025510204236819803,0.00025510204136027637,0.000255102041868494,0.00025510204081706647,0.00025510204136080806,0.0002551020417947007,0.0002551020448610369,0.00025510204225394616,0.00025510204591065066,0.7790921894981565,0.00025510204666149704,0.02366525327702134,0.0454940670950131,0.0571452774293652
0.00016501650227478484,0.0001650165016507255,0.00016501650243146927,0.00016501650351410967,0.00016501650714598152,0.00016501650165072544,0.00016501650182009498,0.01467638019153082,0.00016501650177737823,0.00016501650165072544,0.00016501650165072542,0.0001650165017714835,0.00016501650381749964,0.0001650165020426543,0.012395495605237252,0.9442757667508545,0.0001650165052279879,0.015903564126773934,0.00016501650876117336,0.010273545778416089
0.00012531328347469472,0.00012531328320842025,0.0001253132876905767,0.0001253132842468295,0.00012531328550942976,0.00012531328320842025,0.0001253132833257222,0.011092427289442354,0.0001253132835639377,0.00012531328421804818,0.0001253132832084202,0.00012531328335137985,0.0001253132848280842,0.018058435753550754,0.00012531328347656454,0.9512252160020293,0.0001253132867929152,0.005950302925646222,0.00012531328569263025,0.011793918763535383
0.00015479876323132698,0.00015479876161029606,0.00015479876214214642,0.0053810327467206645,0.00015479876469212136,0.00015479876161029603,0.000154798761610296,0.0001547987639401901,0.003436032476350819,0.00015479876161029603,0.00015479876161029603,0.00015479876190370957,0.004417828702494459,0.022472484788054747,0.00015479876383579156,0.9493973143895598,0.00015479876514797313,0.00015479876196683557,0.00015479876609866272,0.01272812421580937
0.0001677852411287852,0.00016778523490005204,0.003332690151495438,0.00016778523586518832,0.08146946109580953,0.000167785234900052,0.00016778523611795537,0.00016778523493646668,0.00016778523724599208,0.000167785234900052,0.00016778523511952467,0.0037338692248877203,0.0001677852369778524,0.0001677852349000519,0.0001677852409208386,0.8623740033433922,0.00016778523947358841,0.007619736492411991,0.0001677852371330874,0.03912124637748381
0.041942685363164284,0.00016891891891939834,0.0001689189196344447,0.00016891891983691041,0.00016891892212114005,0.00016891891891939828,0.00016891892222317822,0.00016891892050076288,0.00016891892289673188,0.00016891891891939828,0.00016891892070386002,0.00016891891956433096,0.0001689189239629601,0.00016891891918749272,0.00016891892133651747,0.9550167740609566,0.00016891892320072593,0.0001689189209622423,0.0001689189196154936,0.00016891892337411618
0.0002475247529585436,0.000247524752475947,0.0002475247524759469,0.00024752475442306563,0.000247524758169677,0.00024752475247594695,0.00024752476332987744,0.00024752475262937906,0.00024752476127666464,0.00024752475285328313,0.0002475247524759469,0.01782772574964073,0.0002475247560113227,0.00024752475247594684,0.0002475247543975028,0.9502474133188663,0.00024752475729832024,0.0002475247603415853,0.027716940088837936,0.00024752475658597735
0.00031847134164824856,0.0003184713375803193,0.00031847134700433685,0.0003184713426268756,0.0003184713446840191,0.0003184713375803193,0.0003184713391667841,0.0003184713375803192,0.00031847133758031924,0.0003184713375803193,0.00031847133758031924,0.00031847134659007296,0.09535868717938098,0.0003184713770122589,0.0003184713377873738,0.8866903871292999,0.012536912862877503,0.0003184713375803192,0.000318471345751719,0.0003184713431073771
0.0003246753323457508,0.00032467532467675924,0.000324675324676759,0.0003246753263113292,0.07709196955169861,0.0003246753246767592,0.0003246753291348582,0.0003246753302063109,0.0003246753311361221,0.0003246753246767592,0.0003246753268278124,0.018603347171903786,0.0003246753357283502,0.0003246753246767589,0.03645510886820205,0.7836616595491362,0.027672767812421464,0.0003246753357522246,0.00032467532647152865,0.051969692449339695
0.028760656845767278,0.00018726591760369267,0.00018726591802444874,0.00018726591928001142,0.04147710896551739,0.00018726591760369265,0.00018726591840390915,0.00018726591821146204,0.00018726591814818516,0.00018726591760369265,0.00018726591952203479,0.00018726591926033394,0.00018726592369964497,0.00018726591968891212,0.0001872659207178697,0.9265787135561739,0.00018726592048398796,0.00018726592401780844,0.00018726591924585014,0.0001872659210257717
0.00020576131737064772,0.00020576131687310054,0.0002057613176195805,0.00020576131927298945,0.00020576132351680392,0.0002057613168731005,0.0002057613172276542,0.00020576131732164197,0.0002057613199238779,0.0002057613168731005,0.00020576131869706431,0.00020576131792825794,0.00020576131944283665,0.0359017157485671,0.00998843633396357,0.8578859855567406,0.07380712790624833,0.00020576131957423803,0.019330314674717613,0.00020576132124782993
0.000103092783977771,0.00010309278350536655,0.0001030927837456334,0.00010309278423758565,0.00010309278568218917,0.00010309278350536654,0.0001030927850127103,0.00010309278445262701,0.00010309278419244482,0.00010309278355049248,0.00010309278402803632,0.00010309278514606697,0.0001030927855596865,0.00010309278701601121,0.00010309278467993094,0.7852089458904529,0.04389226554061454,0.16914621123088425,0.00010309278478910413,0.00010309278496723578
0.00026737968040294524,0.00026737967914497934,0.00026737967914497923,0.00026737968295731835,0.058974610089568925,0.0002673796812039883,0.00026737967914497923,0.00026737968207364213,0.0002673796802234403,0.0002673796791449793,0.00026737967914497923,0.00026737968164289967,0.00026737968597861586,0.00026737967914497923,0.00026737968421340603,0.936212555648268,0.0002673796842513323,0.0002673796792665798,0.000267379680045452,0.00026737968503342646
0.0003703703730325162,0.0003703703703712156,0.00037037038647320535,0.00037037037439621094,0.05150233299933428,0.0003703703703712156,0.0003703703794110243,0.00037037037037121543,0.0003703703802547567,0.0003703703703712156,0.0003703703703712155,0.00037037037056010926,0.0003703703769926996,0.00037037037037121543,0.049868529785948905,0.8218795990684347,0.07082361215909595,0.00037037037475866607,0.0003703703711827698,0.0003703703778969967
0.00031645569804190796,0.0003164556962033781,0.0003164556971187904,0.0003164557002080188,0.00031645570527720024,0.00031645569620337803,0.00031645570971102594,0.011869153194056438,0.0003164556962033779,0.00031645569620337803,0.03196202575800021,0.000316455699090015,0.00031645570056696847,0.0003164556962033779,0.00031645569657521867,0.9230146915608498,0.0003164557019725167,0.0003164556962033779,0.028090838300515297,0.0003164557007964785
0.00013550135999521772,0.00013550135501403594,0.00013550135746384623,0.0001355013564143329,0.00013550135891716802,0.0001355013550140359,0.000135501357210874,0.00013550135559939393,0.0001355013585537283,0.00013550135594703238,0.00013550135888549397,0.0001355013553502633,0.00013550136020969007,0.00013550135777985723,0.00013550135801491419,0.986713726368893,0.010847249198283731,0.00013550135724903626,0.00013550135645723607,0.00013550135874695017
0.00023364486081621952,0.00023364485981360817,0.00023364485981360812,0.0002336448617591874,0.000233644864528598,0.00023364485981360817,0.00023364485993355,0.00023364486020616918,0.00023364486113099334,0.00023364485981360814,0.00023364485981360812,0.00023364486003847674,0.0073620367260584406,0.01826476932297766,0.00023364486170246345,0.9704012312407901,0.000233644863051332,0.00023364486009803468,0.00023364486327997664,0.00023364493456086468
0.009863883931075176,0.00023364485981436,0.0002336448610867771,0.0002336448636556362,0.00023364486573714842,0.00023364485981435993,0.00023364486056442116,0.0002336448605867521,0.0002336448598143598,0.0002336448598143599,0.00023364485981435985,0.00023364486063286318,0.00023364486219481855,0.00023364485981435974,0.017820848350982813,0.9543115210593651,0.00023364486304933263,0.014265428857148673,0.00023364486827798272,0.0002336448767564584
0.0001373626377221162,0.00013736263736292468,0.00013736263780023217,0.00013736263973592496,0.0001373626408588077,0.0001373626374297092,0.00013736264002381273,0.00013736263736292462,0.00013736263764963115,0.00013736263814420846,0.00013736263791165056,0.00013736263736292462,0.00013736264437709598,0.00013736263740020977,0.0001373626382028721,0.5958418326375623,0.401685639861783,0.00013736264031882225,0.00013736264031563472,0.00013736264067498946
0.00021186440821643432,0.00021186440678011903,0.00021186440760042534,0.00021186440788188842,0.00021186441166055382,0.000211864406780119,0.00021186440698537246,0.00021186440715170493,0.00021186441368058813,0.000211864409067813,0.0002118644072634322,0.00021186440851136444,0.0002118644489627834,0.00021186440678011895,0.011625754899122714,0.9845606857030524,0.00021186441087849578,0.0002118644105154637,0.0002118644091929715,0.00021186440991515589
0.0003846153889186403,0.000384615384616196,0.0003846153850236299,0.0003846153912406256,0.00038461539123317914,0.0003846153846161959,0.0003846153846161958,0.010422059907134408,0.00038461539420953794,0.0003846153846161959,0.0003846153880333783,0.0003846153878083954,0.00038461539573775413,0.00038461539416853965,0.014934321155384482,0.9196999140468513,0.00038461539366074386,0.048789858667088945,0.0003846153861947954,0.0003846153888468883
0.00021459227483713528,0.00021459227467864503,0.00021459227540552236,0.00021459227657693783,0.0859886798720363,0.00021459227577510321,0.00021459227496183135,0.00021459227467864492,0.00021459227467864495,0.00021459227491891342,0.0002145922762813827,0.00021459227467864495,0.00021459227828729078,0.0002145922750702247,0.00021459228701197492,0.8504138105029779,0.0002145922793406968,0.05994944091630101,0.00021459227670504735,0.00021459228479803901
0.00010141987937783884,0.0001014198782965298,0.00010141987992067864,0.0001014198792740543,0.011469623660743179,0.00010141987829652978,0.00010141988224156743,0.00010141988395217517,0.00010141987876484652,0.00010141987862233942,0.00010141987872992446,0.00010141988126283817,0.01282046752228938,0.00010141987974044884,0.00010141987917473749,0.9613872428612282,0.00010141987995302737,0.00010141987922103967,0.01269994787763456,0.00010141988127600988
